  1  1  1  1   0.95753
  1  1  2  1   0.94377
  1  1  3  1   0.92957
  1  1  4  1   0.91618
  1  1  5  1   0.90447
  1  1  6  1   0.89488
  1  1  7  1   0.88745
  1  1  8  1   0.88188
  1  1  9  1   0.87768
  1  1 10  1   0.87424
  1  1 11  1   0.87088
  1  1 12  1   0.86691
  1  1 13  1   0.86154
  1  1 14  1   0.85392
  1  1 15  1   0.84297
  1  1 16  1   0.82732
  1  1 17  1   0.80507
  1  1 18  1   0.77379
  1  1 19  1   0.73051
  1  1 20  1   0.67246
  1  1 21  1   0.59866
  1  1 22  1   0.51213
  1  1 23  1   0.42076
  1  1 24  1   0.33474
  1  1 25  1   0.26199
  1  1 26  1   0.20550
  1  1 27  1   0.16391
  1  1 28  1   0.13383
  1  1 29  1   0.11198
  1  1 30  1   0.09593
  1  1 31  1   0.08410
  1  1 32  1   0.07547
  1  1 33  1   0.06927
  1  1 34  1   0.06491
  1  1 35  1   0.06185
  1  1 36  1   0.05971
  1  1 37  1   0.05820
  2  1  1  1   0.88382
  2  1  2  1   0.85318
  2  1  3  1   0.82351
  2  1  4  1   0.79673
  2  1  5  1   0.77390
  2  1  6  1   0.75529
  2  1  7  1   0.74061
  2  1  8  1   0.72917
  2  1  9  1   0.72006
  2  1 10  1   0.71223
  2  1 11  1   0.70456
  2  1 12  1   0.69589
  2  1 13  1   0.68500
  2  1 14  1   0.67057
  2  1 15  1   0.65116
  2  1 16  1   0.62517
  2  1 17  1   0.59092
  2  1 18  1   0.54685
  2  1 19  1   0.49215
  2  1 20  1   0.42774
  2  1 21  1   0.35720
  2  1 22  1   0.28672
  2  1 23  1   0.22316
  2  1 24  1   0.17125
  2  1 25  1   0.13228
  2  1 26  1   0.10475
  2  1 27  1   0.08590
  2  1 28  1   0.07310
  2  1 29  1   0.06437
  2  1 30  1   0.05842
  2  1 31  1   0.05444
  2  1 32  1   0.05185
  2  1 33  1   0.05024
  2  1 34  1   0.04931
  2  1 35  1   0.04884
  2  1 36  1   0.04866
  2  1 37  1   0.04868
  1  2  1  1   0.96406
  1  2  2  1   0.96066
  1  2  3  1   0.95736
  1  2  4  1   0.95420
  1  2  5  1   0.95115
  1  2  6  1   0.94816
  1  2  7  1   0.94513
  1  2  8  1   0.94198
  1  2  9  1   0.93854
  1  2 10  1   0.93468
  1  2 11  1   0.93019
  1  2 12  1   0.92488
  1  2 13  1   0.91847
  1  2 14  1   0.91064
  1  2 15  1   0.90100
  1  2 16  1   0.88903
  1  2 17  1   0.87407
  1  2 18  1   0.85528
  1  2 19  1   0.83161
  1  2 20  1   0.80183
  1  2 21  1   0.76459
  1  2 22  1   0.71868
  1  2 23  1   0.66343
  1  2 24  1   0.59932
  1  2 25  1   0.52848
  1  2 26  1   0.45480
  1  2 27  1   0.38318
  1  2 28  1   0.31823
  1  2 29  1   0.26297
  1  2 30  1   0.21841
  1  2 31  1   0.18389
  1  2 32  1   0.15788
  1  2 33  1   0.13861
  1  2 34  1   0.12445
  1  2 35  1   0.11408
  1  2 36  1   0.10646
  1  2 37  1   0.10084
  2  2  1  1   0.90827
  2  2  2  1   0.89919
  2  2  3  1   0.89028
  2  2  4  1   0.88155
  2  2  5  1   0.87295
  2  2  6  1   0.86436
  2  2  7  1   0.85561
  2  2  8  1   0.84646
  2  2  9  1   0.83665
  2  2 10  1   0.82587
  2  2 11  1   0.81378
  2  2 12  1   0.79998
  2  2 13  1   0.78404
  2  2 14  1   0.76546
  2  2 15  1   0.74366
  2  2 16  1   0.71802
  2  2 17  1   0.68786
  2  2 18  1   0.65251
  2  2 19  1   0.61137
  2  2 20  1   0.56412
  2  2 21  1   0.51092
  2  2 22  1   0.45272
  2  2 23  1   0.39144
  2  2 24  1   0.32999
  2  2 25  1   0.27179
  2  2 26  1   0.22007
  2  2 27  1   0.17692
  2  2 28  1   0.14294
  2  2 29  1   0.11741
  2  2 30  1   0.09889
  2  2 31  1   0.08577
  2  2 32  1   0.07665
  2  2 33  1   0.07043
  2  2 34  1   0.06627
  2  2 35  1   0.06355
  2  2 36  1   0.06185
  2  2 37  1   0.06087
  1  3  1  1   0.96667
  1  3  2  1   0.96618
  1  3  3  1   0.96580
  1  3  4  1   0.96552
  1  3  5  1   0.96526
  1  3  6  1   0.96493
  1  3  7  1   0.96441
  1  3  8  1   0.96357
  1  3  9  1   0.96227
  1  3 10  1   0.96032
  1  3 11  1   0.95751
  1  3 12  1   0.95357
  1  3 13  1   0.94814
  1  3 14  1   0.94068
  1  3 15  1   0.93047
  1  3 16  1   0.91647
  1  3 17  1   0.89717
  1  3 18  1   0.87052
  1  3 19  1   0.83383
  1  3 20  1   0.78404
  1  3 21  1   0.71842
  1  3 22  1   0.63622
  1  3 23  1   0.54058
  1  3 24  1   0.43941
  1  3 25  1   0.34333
  1  3 26  1   0.26141
  1  3 27  1   0.19781
  1  3 28  1   0.15175
  1  3 29  1   0.11980
  1  3 30  1   0.09812
  1  3 31  1   0.08345
  1  3 32  1   0.07339
  1  3 33  1   0.06635
  1  3 34  1   0.06132
  1  3 35  1   0.05772
  1  3 36  1   0.05519
  1  3 37  1   0.05348
  2  3  1  1   0.97712
  2  3  2  1   0.97437
  2  3  3  1   0.97133
  2  3  4  1   0.96796
  2  3  5  1   0.96419
  2  3  6  1   0.95988
  2  3  7  1   0.95484
  2  3  8  1   0.94878
  2  3  9  1   0.94135
  2  3 10  1   0.93208
  2  3 11  1   0.92036
  2  3 12  1   0.90537
  2  3 13  1   0.88609
  2  3 14  1   0.86120
  2  3 15  1   0.82906
  2  3 16  1   0.78775
  2  3 17  1   0.73524
  2  3 18  1   0.66986
  2  3 19  1   0.59113
  2  3 20  1   0.50087
  2  3 21  1   0.40414
  2  3 22  1   0.30896
  2  3 23  1   0.22420
  2  3 24  1   0.15630
  2  3 25  1   0.10704
  2  3 26  1   0.07401
  2  3 27  1   0.05293
  2  3 28  1   0.03975
  2  3 29  1   0.03153
  2  3 30  1   0.02639
  2  3 31  1   0.02321
  2  3 32  1   0.02131
  2  3 33  1   0.02030
  2  3 34  1   0.01992
  2  3 35  1   0.01998
  2  3 36  1   0.02039
  2  3 37  1   0.02106
  1  1  1  2   0.95753
  1  1  2  2   0.94377
  1  1  3  2   0.92957
  1  1  4  2   0.91618
  1  1  5  2   0.90447
  1  1  6  2   0.89488
  1  1  7  2   0.88745
  1  1  8  2   0.88188
  1  1  9  2   0.87768
  1  1 10  2   0.87424
  1  1 11  2   0.87088
  1  1 12  2   0.86691
  1  1 13  2   0.86154
  1  1 14  2   0.85392
  1  1 15  2   0.84297
  1  1 16  2   0.82732
  1  1 17  2   0.80507
  1  1 18  2   0.77379
  1  1 19  2   0.73051
  1  1 20  2   0.67246
  1  1 21  2   0.59866
  1  1 22  2   0.51213
  1  1 23  2   0.42076
  1  1 24  2   0.33474
  1  1 25  2   0.26199
  1  1 26  2   0.20550
  1  1 27  2   0.16391
  1  1 28  2   0.13383
  1  1 29  2   0.11198
  1  1 30  2   0.09593
  1  1 31  2   0.08410
  1  1 32  2   0.07547
  1  1 33  2   0.06927
  1  1 34  2   0.06491
  1  1 35  2   0.06185
  1  1 36  2   0.05971
  1  1 37  2   0.05820
  2  1  1  2   0.88382
  2  1  2  2   0.85318
  2  1  3  2   0.82351
  2  1  4  2   0.79673
  2  1  5  2   0.77390
  2  1  6  2   0.75529
  2  1  7  2   0.74061
  2  1  8  2   0.72917
  2  1  9  2   0.72006
  2  1 10  2   0.71223
  2  1 11  2   0.70456
  2  1 12  2   0.69589
  2  1 13  2   0.68500
  2  1 14  2   0.67057
  2  1 15  2   0.65116
  2  1 16  2   0.62517
  2  1 17  2   0.59092
  2  1 18  2   0.54685
  2  1 19  2   0.49215
  2  1 20  2   0.42774
  2  1 21  2   0.35720
  2  1 22  2   0.28672
  2  1 23  2   0.22316
  2  1 24  2   0.17125
  2  1 25  2   0.13228
  2  1 26  2   0.10475
  2  1 27  2   0.08590
  2  1 28  2   0.07310
  2  1 29  2   0.06437
  2  1 30  2   0.05842
  2  1 31  2   0.05444
  2  1 32  2   0.05185
  2  1 33  2   0.05024
  2  1 34  2   0.04931
  2  1 35  2   0.04884
  2  1 36  2   0.04866
  2  1 37  2   0.04868
  1  2  1  2   0.96406
  1  2  2  2   0.96066
  1  2  3  2   0.95736
  1  2  4  2   0.95420
  1  2  5  2   0.95115
  1  2  6  2   0.94816
  1  2  7  2   0.94513
  1  2  8  2   0.94198
  1  2  9  2   0.93854
  1  2 10  2   0.93468
  1  2 11  2   0.93019
  1  2 12  2   0.92488
  1  2 13  2   0.91847
  1  2 14  2   0.91064
  1  2 15  2   0.90100
  1  2 16  2   0.88903
  1  2 17  2   0.87407
  1  2 18  2   0.85528
  1  2 19  2   0.83161
  1  2 20  2   0.80183
  1  2 21  2   0.76459
  1  2 22  2   0.71868
  1  2 23  2   0.66343
  1  2 24  2   0.59932
  1  2 25  2   0.52848
  1  2 26  2   0.45480
  1  2 27  2   0.38318
  1  2 28  2   0.31823
  1  2 29  2   0.26297
  1  2 30  2   0.21841
  1  2 31  2   0.18389
  1  2 32  2   0.15788
  1  2 33  2   0.13861
  1  2 34  2   0.12445
  1  2 35  2   0.11408
  1  2 36  2   0.10646
  1  2 37  2   0.10084
  2  2  1  2   0.90827
  2  2  2  2   0.89919
  2  2  3  2   0.89028
  2  2  4  2   0.88155
  2  2  5  2   0.87295
  2  2  6  2   0.86436
  2  2  7  2   0.85561
  2  2  8  2   0.84646
  2  2  9  2   0.83665
  2  2 10  2   0.82587
  2  2 11  2   0.81378
  2  2 12  2   0.79998
  2  2 13  2   0.78404
  2  2 14  2   0.76546
  2  2 15  2   0.74366
  2  2 16  2   0.71802
  2  2 17  2   0.68786
  2  2 18  2   0.65251
  2  2 19  2   0.61137
  2  2 20  2   0.56412
  2  2 21  2   0.51092
  2  2 22  2   0.45272
  2  2 23  2   0.39144
  2  2 24  2   0.32999
  2  2 25  2   0.27179
  2  2 26  2   0.22007
  2  2 27  2   0.17692
  2  2 28  2   0.14294
  2  2 29  2   0.11741
  2  2 30  2   0.09889
  2  2 31  2   0.08577
  2  2 32  2   0.07665
  2  2 33  2   0.07043
  2  2 34  2   0.06627
  2  2 35  2   0.06355
  2  2 36  2   0.06185
  2  2 37  2   0.06087
  1  3  1  2   0.96667
  1  3  2  2   0.96618
  1  3  3  2   0.96580
  1  3  4  2   0.96552
  1  3  5  2   0.96526
  1  3  6  2   0.96493
  1  3  7  2   0.96441
  1  3  8  2   0.96357
  1  3  9  2   0.96227
  1  3 10  2   0.96032
  1  3 11  2   0.95751
  1  3 12  2   0.95357
  1  3 13  2   0.94814
  1  3 14  2   0.94068
  1  3 15  2   0.93047
  1  3 16  2   0.91647
  1  3 17  2   0.89717
  1  3 18  2   0.87052
  1  3 19  2   0.83383
  1  3 20  2   0.78404
  1  3 21  2   0.71842
  1  3 22  2   0.63622
  1  3 23  2   0.54058
  1  3 24  2   0.43941
  1  3 25  2   0.34333
  1  3 26  2   0.26141
  1  3 27  2   0.19781
  1  3 28  2   0.15175
  1  3 29  2   0.11980
  1  3 30  2   0.09812
  1  3 31  2   0.08345
  1  3 32  2   0.07339
  1  3 33  2   0.06635
  1  3 34  2   0.06132
  1  3 35  2   0.05772
  1  3 36  2   0.05519
  1  3 37  2   0.05348
  2  3  1  2   0.97712
  2  3  2  2   0.97437
  2  3  3  2   0.97133
  2  3  4  2   0.96796
  2  3  5  2   0.96419
  2  3  6  2   0.95988
  2  3  7  2   0.95484
  2  3  8  2   0.94878
  2  3  9  2   0.94135
  2  3 10  2   0.93208
  2  3 11  2   0.92036
  2  3 12  2   0.90537
  2  3 13  2   0.88609
  2  3 14  2   0.86120
  2  3 15  2   0.82906
  2  3 16  2   0.78775
  2  3 17  2   0.73524
  2  3 18  2   0.66986
  2  3 19  2   0.59113
  2  3 20  2   0.50087
  2  3 21  2   0.40414
  2  3 22  2   0.30896
  2  3 23  2   0.22420
  2  3 24  2   0.15630
  2  3 25  2   0.10704
  2  3 26  2   0.07401
  2  3 27  2   0.05293
  2  3 28  2   0.03975
  2  3 29  2   0.03153
  2  3 30  2   0.02639
  2  3 31  2   0.02321
  2  3 32  2   0.02131
  2  3 33  2   0.02030
  2  3 34  2   0.01992
  2  3 35  2   0.01998
  2  3 36  2   0.02039
  2  3 37  2   0.02106
