  1  1  1  1   0.73947
  1  1  2  1   0.69139
  1  1  3  1   0.64635
  1  1  4  1   0.60634
  1  1  5  1   0.57202
  1  1  6  1   0.54313
  1  1  7  1   0.51889
  1  1  8  1   0.49829
  1  1  9  1   0.48021
  1  1 10  1   0.46351
  1  1 11  1   0.44703
  1  1 12  1   0.42963
  1  1 13  1   0.41020
  1  1 14  1   0.38770
  1  1 15  1   0.36124
  1  1 16  1   0.33022
  1  1 17  1   0.29459
  1  1 18  1   0.25516
  1  1 19  1   0.21389
  1  1 20  1   0.17386
  1  1 21  1   0.13845
  1  1 22  1   0.11018
  1  1 23  1   0.08973
  1  1 24  1   0.07618
  1  1 25  1   0.06798
  1  1 26  1   0.06359
  1  1 27  1   0.06179
  1  1 28  1   0.06168
  1  1 29  1   0.06264
  1  1 30  1   0.06422
  1  1 31  1   0.06613
  1  1 32  1   0.06821
  1  1 33  1   0.07036
  1  1 34  1   0.07253
  1  1 35  1   0.07470
  1  1 36  1   0.07682
  1  1 37  1   0.07885
  2  1  1  1   0.53560
  2  1  2  1   0.48003
  2  1  3  1   0.43334
  2  1  4  1   0.39549
  2  1  5  1   0.36540
  2  1  6  1   0.34170
  2  1  7  1   0.32297
  2  1  8  1   0.30796
  2  1  9  1   0.29550
  2  1 10  1   0.28450
  2  1 11  1   0.27394
  2  1 12  1   0.26284
  2  1 13  1   0.25026
  2  1 14  1   0.23539
  2  1 15  1   0.21764
  2  1 16  1   0.19674
  2  1 17  1   0.17295
  2  1 18  1   0.14723
  2  1 19  1   0.12125
  2  1 20  1   0.09715
  2  1 21  1   0.07692
  2  1 22  1   0.06170
  2  1 23  1   0.05152
  2  1 24  1   0.04561
  2  1 25  1   0.04297
  2  1 26  1   0.04263
  2  1 27  1   0.04389
  2  1 28  1   0.04620
  2  1 29  1   0.04916
  2  1 30  1   0.05247
  2  1 31  1   0.05587
  2  1 32  1   0.05918
  2  1 33  1   0.06231
  2  1 34  1   0.06526
  2  1 35  1   0.06808
  2  1 36  1   0.07080
  2  1 37  1   0.07340
  1  2  1  1   0.62081
  1  2  2  1   0.60300
  1  2  3  1   0.58554
  1  2  4  1   0.56835
  1  2  5  1   0.55119
  1  2  6  1   0.53382
  1  2  7  1   0.51593
  1  2  8  1   0.49725
  1  2  9  1   0.47748
  1  2 10  1   0.45635
  1  2 11  1   0.43363
  1  2 12  1   0.40913
  1  2 13  1   0.38270
  1  2 14  1   0.35428
  1  2 15  1   0.32392
  1  2 16  1   0.29179
  1  2 17  1   0.25833
  1  2 18  1   0.22417
  1  2 19  1   0.19029
  1  2 20  1   0.15789
  1  2 21  1   0.12829
  1  2 22  1   0.10273
  1  2 23  1   0.08200
  1  2 24  1   0.06634
  1  2 25  1   0.05539
  1  2 26  1   0.04843
  1  2 27  1   0.04463
  1  2 28  1   0.04325
  1  2 29  1   0.04370
  1  2 30  1   0.04557
  1  2 31  1   0.04852
  1  2 32  1   0.05229
  1  2 33  1   0.05663
  1  2 34  1   0.06138
  1  2 35  1   0.06642
  1  2 36  1   0.07168
  1  2 37  1   0.07705
  2  2  1  1   0.47179
  2  2  2  1   0.44811
  2  2  3  1   0.42540
  2  2  4  1   0.40345
  2  2  5  1   0.38200
  2  2  6  1   0.36079
  2  2  7  1   0.33960
  2  2  8  1   0.31822
  2  2  9  1   0.29650
  2  2 10  1   0.27433
  2  2 11  1   0.25165
  2  2 12  1   0.22848
  2  2 13  1   0.20489
  2  2 14  1   0.18104
  2  2 15  1   0.15720
  2  2 16  1   0.13373
  2  2 17  1   0.11114
  2  2 18  1   0.09002
  2  2 19  1   0.07097
  2  2 20  1   0.05456
  2  2 21  1   0.04116
  2  2 22  1   0.03088
  2  2 23  1   0.02352
  2  2 24  1   0.01866
  2  2 25  1   0.01580
  2  2 26  1   0.01449
  2  2 27  1   0.01441
  2  2 28  1   0.01532
  2  2 29  1   0.01710
  2  2 30  1   0.01966
  2  2 31  1   0.02297
  2  2 32  1   0.02701
  2  2 33  1   0.03165
  2  2 34  1   0.03675
  2  2 35  1   0.04216
  2  2 36  1   0.04778
  2  2 37  1   0.05361
  1  3  1  1   0.71285
  1  3  2  1   0.69139
  1  3  3  1   0.67283
  1  3  4  1   0.65724
  1  3  5  1   0.64425
  1  3  6  1   0.63319
  1  3  7  1   0.62325
  1  3  8  1   0.61353
  1  3  9  1   0.60308
  1  3 10  1   0.59092
  1  3 11  1   0.57606
  1  3 12  1   0.55751
  1  3 13  1   0.53425
  1  3 14  1   0.50532
  1  3 15  1   0.46983
  1  3 16  1   0.42718
  1  3 17  1   0.37734
  1  3 18  1   0.32135
  1  3 19  1   0.26178
  1  3 20  1   0.20286
  1  3 21  1   0.14965
  1  3 22  1   0.10634
  1  3 23  1   0.07458
  1  3 24  1   0.05334
  1  3 25  1   0.04005
  1  3 26  1   0.03209
  1  3 27  1   0.02753
  1  3 28  1   0.02512
  1  3 29  1   0.02415
  1  3 30  1   0.02416
  1  3 31  1   0.02488
  1  3 32  1   0.02609
  1  3 33  1   0.02767
  1  3 34  1   0.02953
  1  3 35  1   0.03157
  1  3 36  1   0.03373
  1  3 37  1   0.03595
  2  3  1  1   0.81598
  2  3  2  1   0.78718
  2  3  3  1   0.75798
  2  3  4  1   0.72898
  2  3  5  1   0.70035
  2  3  6  1   0.67185
  2  3  7  1   0.64301
  2  3  8  1   0.61316
  2  3  9  1   0.58155
  2  3 10  1   0.54741
  2  3 11  1   0.51001
  2  3 12  1   0.46875
  2  3 13  1   0.42323
  2  3 14  1   0.37345
  2  3 15  1   0.31994
  2  3 16  1   0.26400
  2  3 17  1   0.20786
  2  3 18  1   0.15467
  2  3 19  1   0.10793
  2  3 20  1   0.07054
  2  3 21  1   0.04368
  2  3 22  1   0.02638
  2  3 23  1   0.01625
  2  3 24  1   0.01069
  2  3 25  1   0.00773
  2  3 26  1   0.00621
  2  3 27  1   0.00551
  2  3 28  1   0.00533
  2  3 29  1   0.00556
  2  3 30  1   0.00612
  2  3 31  1   0.00699
  2  3 32  1   0.00816
  2  3 33  1   0.00959
  2  3 34  1   0.01124
  2  3 35  1   0.01306
  2  3 36  1   0.01501
  2  3 37  1   0.01707
  1  1  1  2   0.73947
  1  1  2  2   0.69139
  1  1  3  2   0.64635
  1  1  4  2   0.60634
  1  1  5  2   0.57202
  1  1  6  2   0.54313
  1  1  7  2   0.51889
  1  1  8  2   0.49829
  1  1  9  2   0.48021
  1  1 10  2   0.46351
  1  1 11  2   0.44703
  1  1 12  2   0.42963
  1  1 13  2   0.41020
  1  1 14  2   0.38770
  1  1 15  2   0.36124
  1  1 16  2   0.33022
  1  1 17  2   0.29459
  1  1 18  2   0.25516
  1  1 19  2   0.21389
  1  1 20  2   0.17386
  1  1 21  2   0.13845
  1  1 22  2   0.11018
  1  1 23  2   0.08973
  1  1 24  2   0.07618
  1  1 25  2   0.06798
  1  1 26  2   0.06359
  1  1 27  2   0.06179
  1  1 28  2   0.06168
  1  1 29  2   0.06264
  1  1 30  2   0.06422
  1  1 31  2   0.06613
  1  1 32  2   0.06821
  1  1 33  2   0.07036
  1  1 34  2   0.07253
  1  1 35  2   0.07470
  1  1 36  2   0.07682
  1  1 37  2   0.07885
  2  1  1  2   0.53560
  2  1  2  2   0.48003
  2  1  3  2   0.43334
  2  1  4  2   0.39549
  2  1  5  2   0.36540
  2  1  6  2   0.34170
  2  1  7  2   0.32297
  2  1  8  2   0.30796
  2  1  9  2   0.29550
  2  1 10  2   0.28450
  2  1 11  2   0.27394
  2  1 12  2   0.26284
  2  1 13  2   0.25026
  2  1 14  2   0.23539
  2  1 15  2   0.21764
  2  1 16  2   0.19674
  2  1 17  2   0.17295
  2  1 18  2   0.14723
  2  1 19  2   0.12125
  2  1 20  2   0.09715
  2  1 21  2   0.07692
  2  1 22  2   0.06170
  2  1 23  2   0.05152
  2  1 24  2   0.04561
  2  1 25  2   0.04297
  2  1 26  2   0.04263
  2  1 27  2   0.04389
  2  1 28  2   0.04620
  2  1 29  2   0.04916
  2  1 30  2   0.05247
  2  1 31  2   0.05587
  2  1 32  2   0.05918
  2  1 33  2   0.06231
  2  1 34  2   0.06526
  2  1 35  2   0.06808
  2  1 36  2   0.07080
  2  1 37  2   0.07340
  1  2  1  2   0.62081
  1  2  2  2   0.60300
  1  2  3  2   0.58554
  1  2  4  2   0.56835
  1  2  5  2   0.55119
  1  2  6  2   0.53382
  1  2  7  2   0.51593
  1  2  8  2   0.49725
  1  2  9  2   0.47748
  1  2 10  2   0.45635
  1  2 11  2   0.43363
  1  2 12  2   0.40913
  1  2 13  2   0.38270
  1  2 14  2   0.35428
  1  2 15  2   0.32392
  1  2 16  2   0.29179
  1  2 17  2   0.25833
  1  2 18  2   0.22417
  1  2 19  2   0.19029
  1  2 20  2   0.15789
  1  2 21  2   0.12829
  1  2 22  2   0.10273
  1  2 23  2   0.08200
  1  2 24  2   0.06634
  1  2 25  2   0.05539
  1  2 26  2   0.04843
  1  2 27  2   0.04463
  1  2 28  2   0.04325
  1  2 29  2   0.04370
  1  2 30  2   0.04557
  1  2 31  2   0.04852
  1  2 32  2   0.05229
  1  2 33  2   0.05663
  1  2 34  2   0.06138
  1  2 35  2   0.06642
  1  2 36  2   0.07168
  1  2 37  2   0.07705
  2  2  1  2   0.47179
  2  2  2  2   0.44811
  2  2  3  2   0.42540
  2  2  4  2   0.40345
  2  2  5  2   0.38200
  2  2  6  2   0.36079
  2  2  7  2   0.33960
  2  2  8  2   0.31822
  2  2  9  2   0.29650
  2  2 10  2   0.27433
  2  2 11  2   0.25165
  2  2 12  2   0.22848
  2  2 13  2   0.20489
  2  2 14  2   0.18104
  2  2 15  2   0.15720
  2  2 16  2   0.13373
  2  2 17  2   0.11114
  2  2 18  2   0.09002
  2  2 19  2   0.07097
  2  2 20  2   0.05456
  2  2 21  2   0.04116
  2  2 22  2   0.03088
  2  2 23  2   0.02352
  2  2 24  2   0.01866
  2  2 25  2   0.01580
  2  2 26  2   0.01449
  2  2 27  2   0.01441
  2  2 28  2   0.01532
  2  2 29  2   0.01710
  2  2 30  2   0.01966
  2  2 31  2   0.02297
  2  2 32  2   0.02701
  2  2 33  2   0.03165
  2  2 34  2   0.03675
  2  2 35  2   0.04216
  2  2 36  2   0.04778
  2  2 37  2   0.05361
  1  3  1  2   0.71285
  1  3  2  2   0.69139
  1  3  3  2   0.67283
  1  3  4  2   0.65724
  1  3  5  2   0.64425
  1  3  6  2   0.63319
  1  3  7  2   0.62325
  1  3  8  2   0.61353
  1  3  9  2   0.60308
  1  3 10  2   0.59092
  1  3 11  2   0.57606
  1  3 12  2   0.55751
  1  3 13  2   0.53425
  1  3 14  2   0.50532
  1  3 15  2   0.46983
  1  3 16  2   0.42718
  1  3 17  2   0.37734
  1  3 18  2   0.32135
  1  3 19  2   0.26178
  1  3 20  2   0.20286
  1  3 21  2   0.14965
  1  3 22  2   0.10634
  1  3 23  2   0.07458
  1  3 24  2   0.05334
  1  3 25  2   0.04005
  1  3 26  2   0.03209
  1  3 27  2   0.02753
  1  3 28  2   0.02512
  1  3 29  2   0.02415
  1  3 30  2   0.02416
  1  3 31  2   0.02488
  1  3 32  2   0.02609
  1  3 33  2   0.02767
  1  3 34  2   0.02953
  1  3 35  2   0.03157
  1  3 36  2   0.03373
  1  3 37  2   0.03595
  2  3  1  2   0.81598
  2  3  2  2   0.78718
  2  3  3  2   0.75798
  2  3  4  2   0.72898
  2  3  5  2   0.70035
  2  3  6  2   0.67185
  2  3  7  2   0.64301
  2  3  8  2   0.61316
  2  3  9  2   0.58155
  2  3 10  2   0.54741
  2  3 11  2   0.51001
  2  3 12  2   0.46875
  2  3 13  2   0.42323
  2  3 14  2   0.37345
  2  3 15  2   0.31994
  2  3 16  2   0.26400
  2  3 17  2   0.20786
  2  3 18  2   0.15467
  2  3 19  2   0.10793
  2  3 20  2   0.07054
  2  3 21  2   0.04368
  2  3 22  2   0.02638
  2  3 23  2   0.01625
  2  3 24  2   0.01069
  2  3 25  2   0.00773
  2  3 26  2   0.00621
  2  3 27  2   0.00551
  2  3 28  2   0.00533
  2  3 29  2   0.00556
  2  3 30  2   0.00612
  2  3 31  2   0.00699
  2  3 32  2   0.00816
  2  3 33  2   0.00959
  2  3 34  2   0.01124
  2  3 35  2   0.01306
  2  3 36  2   0.01501
  2  3 37  2   0.01707
  1  1  1  1   0.96705
  1  1  2  1   0.96011
  1  1  3  1   0.95314
  1  1  4  1   0.94691
  1  1  5  1   0.94196
  1  1  6  1   0.93851
  1  1  7  1   0.93650
  1  1  8  1   0.93566
  1  1  9  1   0.93562
  1  1 10  1   0.93597
  1  1 11  1   0.93631
  1  1 12  1   0.93628
  1  1 13  1   0.93552
  1  1 14  1   0.93366
  1  1 15  1   0.93021
  1  1 16  1   0.92448
  1  1 17  1   0.91539
  1  1 18  1   0.90124
  1  1 19  1   0.87941
  1  1 20  1   0.84622
  1  1 21  1   0.79761
  1  1 22  1   0.73128
  1  1 23  1   0.64997
  1  1 24  1   0.56243
  1  1 25  1   0.47918
  1  1 26  1   0.40709
  1  1 27  1   0.34815
  1  1 28  1   0.30131
  1  1 29  1   0.26459
  1  1 30  1   0.23602
  1  1 31  1   0.21380
  1  1 32  1   0.19636
  1  1 33  1   0.18255
  1  1 34  1   0.17150
  1  1 35  1   0.16255
  1  1 36  1   0.15515
  1  1 37  1   0.14891
  2  1  1  1   0.89813
  2  1  2  1   0.88247
  2  1  3  1   0.86854
  2  1  4  1   0.85749
  2  1  5  1   0.84985
  2  1  6  1   0.84558
  2  1  7  1   0.84425
  2  1  8  1   0.84517
  2  1  9  1   0.84756
  2  1 10  1   0.85061
  2  1 11  1   0.85359
  2  1 12  1   0.85582
  2  1 13  1   0.85669
  2  1 14  1   0.85557
  2  1 15  1   0.85175
  2  1 16  1   0.84432
  2  1 17  1   0.83197
  2  1 18  1   0.81284
  2  1 19  1   0.78446
  2  1 20  1   0.74400
  2  1 21  1   0.68938
  2  1 22  1   0.62125
  2  1 23  1   0.54463
  2  1 24  1   0.46790
  2  1 25  1   0.39867
  2  1 26  1   0.34067
  2  1 27  1   0.29409
  2  1 28  1   0.25751
  2  1 29  1   0.22912
  2  1 30  1   0.20717
  2  1 31  1   0.19008
  2  1 32  1   0.17658
  2  1 33  1   0.16582
  2  1 34  1   0.15717
  2  1 35  1   0.15020
  2  1 36  1   0.14453
  2  1 37  1   0.13986
  1  2  1  1   0.97735
  1  2  2  1   0.97679
  1  2  3  1   0.97613
  1  2  4  1   0.97544
  1  2  5  1   0.97472
  1  2  6  1   0.97396
  1  2  7  1   0.97313
  1  2  8  1   0.97215
  1  2  9  1   0.97097
  1  2 10  1   0.96949
  1  2 11  1   0.96762
  1  2 12  1   0.96526
  1  2 13  1   0.96227
  1  2 14  1   0.95847
  1  2 15  1   0.95364
  1  2 16  1   0.94744
  1  2 17  1   0.93942
  1  2 18  1   0.92894
  1  2 19  1   0.91507
  1  2 20  1   0.89654
  1  2 21  1   0.87173
  1  2 22  1   0.83876
  1  2 23  1   0.79593
  1  2 24  1   0.74255
  1  2 25  1   0.67994
  1  2 26  1   0.61186
  1  2 27  1   0.54375
  1  2 28  1   0.48077
  1  2 29  1   0.42628
  1  2 30  1   0.38136
  1  2 31  1   0.34545
  1  2 32  1   0.31711
  1  2 33  1   0.29476
  1  2 34  1   0.27700
  1  2 35  1   0.26279
  1  2 36  1   0.25138
  1  2 37  1   0.24225
  2  2  1  1   0.94637
  2  2  2  1   0.94398
  2  2  3  1   0.94138
  2  2  4  1   0.93864
  2  2  5  1   0.93577
  2  2  6  1   0.93272
  2  2  7  1   0.92939
  2  2  8  1   0.92565
  2  2  9  1   0.92133
  2  2 10  1   0.91625
  2  2 11  1   0.91018
  2  2 12  1   0.90288
  2  2 13  1   0.89404
  2  2 14  1   0.88329
  2  2 15  1   0.87018
  2  2 16  1   0.85412
  2  2 17  1   0.83439
  2  2 18  1   0.81008
  2  2 19  1   0.78015
  2  2 20  1   0.74349
  2  2 21  1   0.69920
  2  2 22  1   0.64703
  2  2 23  1   0.58792
  2  2 24  1   0.52447
  2  2 25  1   0.46075
  2  2 26  1   0.40126
  2  2 27  1   0.34950
  2  2 28  1   0.30711
  2  2 29  1   0.27388
  2  2 30  1   0.24852
  2  2 31  1   0.22943
  2  2 32  1   0.21514
  2  2 33  1   0.20451
  2  2 34  1   0.19666
  2  2 35  1   0.19098
  2  2 36  1   0.18698
  2  2 37  1   0.18430
  1  3  1  1   0.98374
  1  3  2  1   0.98233
  1  3  3  1   0.98096
  1  3  4  1   0.97981
  1  3  5  1   0.97895
  1  3  6  1   0.97835
  1  3  7  1   0.97794
  1  3  8  1   0.97758
  1  3  9  1   0.97712
  1  3 10  1   0.97642
  1  3 11  1   0.97530
  1  3 12  1   0.97358
  1  3 13  1   0.97099
  1  3 14  1   0.96721
  1  3 15  1   0.96171
  1  3 16  1   0.95369
  1  3 17  1   0.94182
  1  3 18  1   0.92400
  1  3 19  1   0.89692
  1  3 20  1   0.85585
  1  3 21  1   0.79536
  1  3 22  1   0.71207
  1  3 23  1   0.60898
  1  3 24  1   0.49739
  1  3 25  1   0.39251
  1  3 26  1   0.30579
  1  3 27  1   0.24051
  1  3 28  1   0.19378
  1  3 29  1   0.16071
  1  3 30  1   0.13704
  1  3 31  1   0.11986
  1  3 32  1   0.10732
  1  3 33  1   0.09821
  1  3 34  1   0.09161
  1  3 35  1   0.08682
  1  3 36  1   0.08334
  1  3 37  1   0.08079
  2  3  1  1   0.99182
  2  3  2  1   0.99006
  2  3  3  1   0.98803
  2  3  4  1   0.98584
  2  3  5  1   0.98355
  2  3  6  1   0.98114
  2  3  7  1   0.97856
  2  3  8  1   0.97566
  2  3  9  1   0.97223
  2  3 10  1   0.96798
  2  3 11  1   0.96250
  2  3 12  1   0.95526
  2  3 13  1   0.94552
  2  3 14  1   0.93222
  2  3 15  1   0.91388
  2  3 16  1   0.88839
  2  3 17  1   0.85287
  2  3 18  1   0.80365
  2  3 19  1   0.73688
  2  3 20  1   0.65012
  2  3 21  1   0.54536
  2  3 22  1   0.43146
  2  3 23  1   0.32270
  2  3 24  1   0.23230
  2  3 25  1   0.16591
  2  3 26  1   0.12125
  2  3 27  1   0.09241
  2  3 28  1   0.07385
  2  3 29  1   0.06179
  2  3 30  1   0.05395
  2  3 31  1   0.04896
  2  3 32  1   0.04593
  2  3 33  1   0.04426
  2  3 34  1   0.04351
  2  3 35  1   0.04341
  2  3 36  1   0.04375
  2  3 37  1   0.04440
  1  1  1  2   0.96705
  1  1  2  2   0.96011
  1  1  3  2   0.95314
  1  1  4  2   0.94691
  1  1  5  2   0.94196
  1  1  6  2   0.93851
  1  1  7  2   0.93650
  1  1  8  2   0.93566
  1  1  9  2   0.93562
  1  1 10  2   0.93597
  1  1 11  2   0.93631
  1  1 12  2   0.93628
  1  1 13  2   0.93552
  1  1 14  2   0.93366
  1  1 15  2   0.93021
  1  1 16  2   0.92448
  1  1 17  2   0.91539
  1  1 18  2   0.90124
  1  1 19  2   0.87941
  1  1 20  2   0.84622
  1  1 21  2   0.79761
  1  1 22  2   0.73128
  1  1 23  2   0.64997
  1  1 24  2   0.56243
  1  1 25  2   0.47918
  1  1 26  2   0.40709
  1  1 27  2   0.34815
  1  1 28  2   0.30131
  1  1 29  2   0.26459
  1  1 30  2   0.23602
  1  1 31  2   0.21380
  1  1 32  2   0.19636
  1  1 33  2   0.18255
  1  1 34  2   0.17150
  1  1 35  2   0.16255
  1  1 36  2   0.15515
  1  1 37  2   0.14891
  2  1  1  2   0.89813
  2  1  2  2   0.88247
  2  1  3  2   0.86854
  2  1  4  2   0.85749
  2  1  5  2   0.84985
  2  1  6  2   0.84558
  2  1  7  2   0.84425
  2  1  8  2   0.84517
  2  1  9  2   0.84756
  2  1 10  2   0.85061
  2  1 11  2   0.85359
  2  1 12  2   0.85582
  2  1 13  2   0.85669
  2  1 14  2   0.85557
  2  1 15  2   0.85175
  2  1 16  2   0.84432
  2  1 17  2   0.83197
  2  1 18  2   0.81284
  2  1 19  2   0.78446
  2  1 20  2   0.74400
  2  1 21  2   0.68938
  2  1 22  2   0.62125
  2  1 23  2   0.54463
  2  1 24  2   0.46790
  2  1 25  2   0.39867
  2  1 26  2   0.34067
  2  1 27  2   0.29409
  2  1 28  2   0.25751
  2  1 29  2   0.22912
  2  1 30  2   0.20717
  2  1 31  2   0.19008
  2  1 32  2   0.17658
  2  1 33  2   0.16582
  2  1 34  2   0.15717
  2  1 35  2   0.15020
  2  1 36  2   0.14453
  2  1 37  2   0.13986
  1  2  1  2   0.97735
  1  2  2  2   0.97679
  1  2  3  2   0.97613
  1  2  4  2   0.97544
  1  2  5  2   0.97472
  1  2  6  2   0.97396
  1  2  7  2   0.97313
  1  2  8  2   0.97215
  1  2  9  2   0.97097
  1  2 10  2   0.96949
  1  2 11  2   0.96762
  1  2 12  2   0.96526
  1  2 13  2   0.96227
  1  2 14  2   0.95847
  1  2 15  2   0.95364
  1  2 16  2   0.94744
  1  2 17  2   0.93942
  1  2 18  2   0.92894
  1  2 19  2   0.91507
  1  2 20  2   0.89654
  1  2 21  2   0.87173
  1  2 22  2   0.83876
  1  2 23  2   0.79593
  1  2 24  2   0.74255
  1  2 25  2   0.67994
  1  2 26  2   0.61186
  1  2 27  2   0.54375
  1  2 28  2   0.48077
  1  2 29  2   0.42628
  1  2 30  2   0.38136
  1  2 31  2   0.34545
  1  2 32  2   0.31711
  1  2 33  2   0.29476
  1  2 34  2   0.27700
  1  2 35  2   0.26279
  1  2 36  2   0.25138
  1  2 37  2   0.24225
  2  2  1  2   0.94637
  2  2  2  2   0.94398
  2  2  3  2   0.94138
  2  2  4  2   0.93864
  2  2  5  2   0.93577
  2  2  6  2   0.93272
  2  2  7  2   0.92939
  2  2  8  2   0.92565
  2  2  9  2   0.92133
  2  2 10  2   0.91625
  2  2 11  2   0.91018
  2  2 12  2   0.90288
  2  2 13  2   0.89404
  2  2 14  2   0.88329
  2  2 15  2   0.87018
  2  2 16  2   0.85412
  2  2 17  2   0.83439
  2  2 18  2   0.81008
  2  2 19  2   0.78015
  2  2 20  2   0.74349
  2  2 21  2   0.69920
  2  2 22  2   0.64703
  2  2 23  2   0.58792
  2  2 24  2   0.52447
  2  2 25  2   0.46075
  2  2 26  2   0.40126
  2  2 27  2   0.34950
  2  2 28  2   0.30711
  2  2 29  2   0.27388
  2  2 30  2   0.24852
  2  2 31  2   0.22943
  2  2 32  2   0.21514
  2  2 33  2   0.20451
  2  2 34  2   0.19666
  2  2 35  2   0.19098
  2  2 36  2   0.18698
  2  2 37  2   0.18430
  1  3  1  2   0.98374
  1  3  2  2   0.98233
  1  3  3  2   0.98096
  1  3  4  2   0.97981
  1  3  5  2   0.97895
  1  3  6  2   0.97835
  1  3  7  2   0.97794
  1  3  8  2   0.97758
  1  3  9  2   0.97712
  1  3 10  2   0.97642
  1  3 11  2   0.97530
  1  3 12  2   0.97358
  1  3 13  2   0.97099
  1  3 14  2   0.96721
  1  3 15  2   0.96171
  1  3 16  2   0.95369
  1  3 17  2   0.94182
  1  3 18  2   0.92400
  1  3 19  2   0.89692
  1  3 20  2   0.85585
  1  3 21  2   0.79536
  1  3 22  2   0.71207
  1  3 23  2   0.60898
  1  3 24  2   0.49739
  1  3 25  2   0.39251
  1  3 26  2   0.30579
  1  3 27  2   0.24051
  1  3 28  2   0.19378
  1  3 29  2   0.16071
  1  3 30  2   0.13704
  1  3 31  2   0.11986
  1  3 32  2   0.10732
  1  3 33  2   0.09821
  1  3 34  2   0.09161
  1  3 35  2   0.08682
  1  3 36  2   0.08334
  1  3 37  2   0.08079
  2  3  1  2   0.99182
  2  3  2  2   0.99006
  2  3  3  2   0.98803
  2  3  4  2   0.98584
  2  3  5  2   0.98355
  2  3  6  2   0.98114
  2  3  7  2   0.97856
  2  3  8  2   0.97566
  2  3  9  2   0.97223
  2  3 10  2   0.96798
  2  3 11  2   0.96250
  2  3 12  2   0.95526
  2  3 13  2   0.94552
  2  3 14  2   0.93222
  2  3 15  2   0.91388
  2  3 16  2   0.88839
  2  3 17  2   0.85287
  2  3 18  2   0.80365
  2  3 19  2   0.73688
  2  3 20  2   0.65012
  2  3 21  2   0.54536
  2  3 22  2   0.43146
  2  3 23  2   0.32270
  2  3 24  2   0.23230
  2  3 25  2   0.16591
  2  3 26  2   0.12125
  2  3 27  2   0.09241
  2  3 28  2   0.07385
  2  3 29  2   0.06179
  2  3 30  2   0.05395
  2  3 31  2   0.04896
  2  3 32  2   0.04593
  2  3 33  2   0.04426
  2  3 34  2   0.04351
  2  3 35  2   0.04341
  2  3 36  2   0.04375
  2  3 37  2   0.04440
