  1  1  1  1       28778.62         0.3443        10.2674
  1  1  1  2       30511.79         0.3545        10.3259
  1  1  1  3       32196.38         0.3638        10.3796
  1  1  1  4       33806.56         0.3725        10.4284
  1  1  1  5       35315.27         0.3806        10.4721
  1  1  1  6       36694.79         0.3880        10.5104
  1  1  1  7       37917.49         0.3949        10.5432
  1  1  1  8       38956.59         0.4013        10.5702
  1  1  1  9       39787.02         0.4073        10.5913
  1  1  1 10       40386.29         0.4128        10.6062
  1  1  1 11       40735.35         0.4179        10.6149
  1  1  1 12       40819.42         0.4226        10.6169
  1  1  1 13       40628.69         0.4270        10.6122
  1  1  1 14       40158.97         0.4310        10.6006
  1  1  1 15       39412.03         0.4348        10.5818
  1  1  1 16       38395.87         0.4383        10.5557
  1  1  1 17       37124.68         0.4415        10.5220
  1  1  1 18       35618.53         0.4445        10.4806
  1  1  1 19       33902.96         0.4473        10.4313
  1  1  1 20       32008.13         0.4499        10.3737
  1  1  1 21       29967.94         0.4522        10.3079
  1  1  1 22       27818.93         0.4544        10.2335
  1  1  1 23       25599.04         0.4565        10.1503
  1  1  1 24       23346.39         0.4584        10.0582
  1  1  1 25       21098.01         0.4602         9.9569
  1  1  1 26       18888.68         0.4618         9.8463
  1  1  1 27       16749.94         0.4633         9.7261
  1  1  1 28       14709.20         0.4647         9.5962
  1  1  1 29       12789.17         0.4660         9.4564
  1  1  1 30       11007.42         0.4672         9.3063
  1  1  1 31        9376.31         0.4683         9.1459
  1  1  1 32        7903.04         0.4693         8.9750
  1  1  1 33        6590.00         0.4703         8.7933
  1  1  1 34        5435.24         0.4712         8.6007
  1  1  1 35        4433.09         0.4720         8.3969
  1  1  1 36        3574.88         0.4728         8.1817
  1  1  1 37        2849.69         0.4735         7.9550
  1  1  2  1       24091.26         0.3443        10.0896
  1  1  2  2       25409.63         0.3545        10.1429
  1  1  2  3       26673.43         0.3638        10.1914
  1  1  2  4       27862.10         0.3725        10.2350
  1  1  2  5       28954.53         0.3806        10.2735
  1  1  2  6       29929.50         0.3880        10.3066
  1  1  2  7       30766.34         0.3949        10.3342
  1  1  2  8       31445.49         0.4013        10.3560
  1  1  2  9       31949.20         0.4073        10.3719
  1  1  2 10       32262.18         0.4128        10.3817
  1  1  2 11       32372.21         0.4179        10.3851
  1  1  2 12       32270.73         0.4226        10.3819
  1  1  2 13       31953.32         0.4270        10.3720
  1  1  2 14       31420.05         0.4310        10.3552
  1  1  2 15       30675.69         0.4348        10.3312
  1  1  2 16       29729.74         0.4383        10.2999
  1  1  2 17       28596.34         0.4415        10.2610
  1  1  2 18       27293.86         0.4445        10.2144
  1  1  2 19       25844.47         0.4473        10.1599
  1  1  2 20       24273.44         0.4499        10.0971
  1  1  2 21       22608.37         0.4522        10.0261
  1  1  2 22       20878.24         0.4544         9.9465
  1  1  2 23       19112.54         0.4565         9.8581
  1  1  2 24       17340.26         0.4584         9.7608
  1  1  2 25       15589.00         0.4602         9.6543
  1  1  2 26       13884.16         0.4618         9.5385
  1  1  2 27       12248.20         0.4633         9.4131
  1  1  2 28       10700.14         0.4647         9.2780
  1  1  2 29        9255.16         0.4660         9.1329
  1  1  2 30        7924.43         0.4672         8.9777
  1  1  2 31        6715.15         0.4683         8.8121
  1  1  2 32        5630.66         0.4693         8.6360
  1  1  2 33        4670.80         0.4703         8.4491
  1  1  2 34        3832.35         0.4712         8.2512
  1  1  2 35        3109.53         0.4720         8.0422
  1  1  2 36        2494.54         0.4728         7.8219
  1  1  2 37        1978.19         0.4735         7.5899
  1  2  1  1       36126.33         0.2965        10.4948
  1  2  1  2       38930.59         0.3131        10.5695
  1  2  1  3       41566.31         0.3291        10.6350
  1  2  1  4       43984.72         0.3444        10.6916
  1  2  1  5       46142.25         0.3590        10.7395
  1  2  1  6       48001.97         0.3731        10.7790
  1  2  1  7       49534.67         0.3865        10.8104
  1  2  1  8       50719.63         0.3994        10.8341
  1  2  1  9       51544.97         0.4118        10.8502
  1  2  1 10       52007.56         0.4237        10.8591
  1  2  1 11       52112.68         0.4350        10.8612
  1  2  1 12       51873.27         0.4459        10.8566
  1  2  1 13       51309.04         0.4564        10.8456
  1  2  1 14       50445.32         0.4664        10.8286
  1  2  1 15       49311.85         0.4760        10.8059
  1  2  1 16       47941.51         0.4852        10.7777
  1  2  1 17       46369.13         0.4940        10.7444
  1  2  1 18       44630.28         0.5025        10.7062
  1  2  1 19       42760.26         0.5106        10.6634
  1  2  1 20       40793.21         0.5183        10.6163
  1  2  1 21       38761.35         0.5258        10.5652
  1  2  1 22       36694.42         0.5329        10.5104
  1  2  1 23       34619.28         0.5398        10.4522
  1  2  1 24       32559.63         0.5463        10.3908
  1  2  1 25       30535.93         0.5526        10.3267
  1  2  1 26       28565.35         0.5586        10.2599
  1  2  1 27       26661.93         0.5644        10.1910
  1  2  1 28       24836.70         0.5700        10.1201
  1  2  1 29       23097.93         0.5753        10.0475
  1  2  1 30       21451.40         0.5804         9.9735
  1  2  1 31       19900.71         0.5852         9.8985
  1  2  1 32       18447.54         0.5899         9.8227
  1  2  1 33       17091.97         0.5944         9.7464
  1  2  1 34       15832.73         0.5987         9.6698
  1  2  1 35       14667.51         0.6028         9.5934
  1  2  1 36       13593.17         0.6067         9.5173
  1  2  1 37       12605.95         0.6105         9.4419
  1  2  2  1       31929.26         0.2965        10.3713
  1  2  2  2       34396.97         0.3131        10.4457
  1  2  2  3       36714.26         0.3291        10.5109
  1  2  2  4       38838.22         0.3444        10.5672
  1  2  2  5       40730.56         0.3590        10.6147
  1  2  2  6       42358.92         0.3731        10.6539
  1  2  2  7       43697.77         0.3865        10.6851
  1  2  2  8       44729.11         0.3994        10.7084
  1  2  2  9       45442.76         0.4118        10.7242
  1  2  2 10       45836.25         0.4237        10.7328
  1  2  2 11       45914.53         0.4350        10.7345
  1  2  2 12       45689.30         0.4459        10.7296
  1  2  2 13       45178.20         0.4564        10.7184
  1  2  2 14       44403.80         0.4664        10.7011
  1  2  2 15       43392.50         0.4760        10.6780
  1  2  2 16       42173.47         0.4852        10.6495
  1  2  2 17       40777.51         0.4940        10.6159
  1  2  2 18       39236.07         0.5025        10.5774
  1  2  2 19       37580.32         0.5106        10.5342
  1  2  2 20       35840.34         0.5183        10.4868
  1  2  2 21       34044.53         0.5258        10.4354
  1  2  2 22       32219.05         0.5329        10.3803
  1  2  2 23       30387.49         0.5398        10.3218
  1  2  2 24       28570.67         0.5463        10.2601
  1  2  2 25       26786.52         0.5526        10.1957
  1  2  2 26       25050.07         0.5586        10.1286
  1  2  2 27       23373.58         0.5644        10.0594
  1  2  2 28       21766.65         0.5700         9.9881
  1  2  2 29       20236.48         0.5753         9.9152
  1  2  2 30       18788.05         0.5804         9.8410
  1  2  2 31       17424.44         0.5852         9.7656
  1  2  2 32       16147.04         0.5899         9.6895
  1  2  2 33       14955.83         0.5944         9.6129
  1  2  2 34       13849.64         0.5987         9.5360
  1  2  2 35       12826.36         0.6028         9.4593
  1  2  2 36       11883.16         0.6067         9.3829
  1  2  2 37       11016.68         0.6105         9.3072
  1  3  1  1       43229.81         0.3138        10.6743
  1  3  1  2       51520.50         0.3504        10.8497
  1  3  1  3       59670.72         0.3869        10.9966
  1  3  1  4       67304.93         0.4232        11.1170
  1  3  1  5       74089.53         0.4593        11.2130
  1  3  1  6       79764.78         0.4953        11.2868
  1  3  1  7       84164.66         0.5310        11.3405
  1  3  1  8       87223.34         0.5666        11.3762
  1  3  1  9       88969.24         0.6019        11.3960
  1  3  1 10       89509.95         0.6371        11.4021
  1  3  1 11       89011.66         0.6721        11.3965
  1  3  1 12       87677.19         0.7069        11.3814
  1  3  1 13       85725.60         0.7416        11.3589
  1  3  1 14       83375.51         0.7760        11.3311
  1  3  1 15       80833.35         0.8103        11.3001
  1  3  1 16       78286.47         0.8444        11.2681
  1  3  1 17       75900.88         0.8784        11.2372
  1  3  1 18       73822.87         0.9121        11.2094
  1  3  1 19       72183.67         0.9457        11.1870
  1  3  1 20       71106.76         0.9791        11.1719
  1  3  1 21       70717.48         1.0123        11.1664
  1  3  1 22       71155.17         1.0454        11.1726
  1  3  1 23       72588.87         1.0783        11.1926
  1  3  1 24       75238.02         1.1110        11.2284
  1  3  1 25       79401.46         1.1435        11.2823
  1  3  1 26       85499.45         1.1759        11.3563
  1  3  1 27       94137.33         1.2081        11.4525
  1  3  1 28      106204.79         1.2401        11.5731
  1  3  1 29      123035.37         1.2720        11.7202
  1  3  1 30      146669.39         1.3037        11.8959
  1  3  1 31      180298.69         1.3353        12.1024
  1  3  1 32      229038.87         1.3667        12.3416
  1  3  1 33      301307.10         1.3979        12.6159
  1  3  1 34      411351.44         1.4289        12.9272
  1  3  1 35      584036.70         1.4598        13.2777
  1  3  1 36      864192.90         1.4906        13.6696
  1  3  1 37     1335502.33         1.5211        14.1048
  1  3  2  1       36137.66         0.3138        10.4951
  1  3  2  2       43679.52         0.3504        10.6846
  1  3  2  3       51307.41         0.3869        10.8456
  1  3  2  4       58693.06         0.4232        10.9801
  1  3  2  5       65526.63         0.4593        11.0902
  1  3  2  6       71547.30         0.4953        11.1781
  1  3  2  7       76565.47         0.5310        11.2459
  1  3  2  8       80474.25         0.5666        11.2957
  1  3  2  9       83250.18         0.6019        11.3296
  1  3  2 10       84944.97         0.6371        11.3498
  1  3  2 11       85671.10         0.6721        11.3583
  1  3  2 12       85584.51         0.7069        11.3573
  1  3  2 13       84867.25         0.7416        11.3488
  1  3  2 14       83712.28         0.7760        11.3351
  1  3  2 15       82311.84         0.8103        11.3183
  1  3  2 16       80849.90         0.8444        11.3003
  1  3  2 17       79498.82         0.8784        11.2835
  1  3  2 18       78419.82         0.9121        11.2698
  1  3  2 19       77766.94         0.9457        11.2615
  1  3  2 20       77694.10         0.9791        11.2605
  1  3  2 21       78365.51         1.0123        11.2691
  1  3  2 22       79969.75         1.0454        11.2894
  1  3  2 23       82739.02         1.0783        11.3234
  1  3  2 24       86975.87         1.1110        11.3734
  1  3  2 25       93091.70         1.1435        11.4413
  1  3  2 26      101663.93         1.1759        11.5294
  1  3  2 27      113523.69         1.2081        11.6398
  1  3  2 28      129894.22         1.2401        11.7745
  1  3  2 29      152614.84         1.2720        11.9357
  1  3  2 30      184513.16         1.3037        12.1255
  1  3  2 31      230039.01         1.3353        12.3460
  1  3  2 32      296373.39         1.3667        12.5994
  1  3  2 33      395421.65         1.3979        12.8877
  1  3  2 34      547501.33         1.4289        13.2131
  1  3  2 35      788375.96         1.4598        13.5777
  1  3  2 36     1183109.66         1.4906        13.9837
  1  3  2 37     1854300.15         1.5211        14.4330
  2  1  1  1       28778.62         0.3443        10.2674
  2  1  1  2       30511.79         0.3545        10.3259
  2  1  1  3       32196.38         0.3638        10.3796
  2  1  1  4       33806.56         0.3725        10.4284
  2  1  1  5       35315.27         0.3806        10.4721
  2  1  1  6       36694.79         0.3880        10.5104
  2  1  1  7       37917.49         0.3949        10.5432
  2  1  1  8       38956.59         0.4013        10.5702
  2  1  1  9       39787.02         0.4073        10.5913
  2  1  1 10       40386.29         0.4128        10.6062
  2  1  1 11       40735.35         0.4179        10.6149
  2  1  1 12       40819.42         0.4226        10.6169
  2  1  1 13       40628.69         0.4270        10.6122
  2  1  1 14       40158.97         0.4310        10.6006
  2  1  1 15       39412.03         0.4348        10.5818
  2  1  1 16       38395.87         0.4383        10.5557
  2  1  1 17       37124.68         0.4415        10.5220
  2  1  1 18       35618.53         0.4445        10.4806
  2  1  1 19       33902.96         0.4473        10.4313
  2  1  1 20       32008.13         0.4499        10.3737
  2  1  1 21       29967.94         0.4522        10.3079
  2  1  1 22       27818.93         0.4544        10.2335
  2  1  1 23       25599.04         0.4565        10.1503
  2  1  1 24       23346.39         0.4584        10.0582
  2  1  1 25       21098.01         0.4602         9.9569
  2  1  1 26       18888.68         0.4618         9.8463
  2  1  1 27       16749.94         0.4633         9.7261
  2  1  1 28       14709.20         0.4647         9.5962
  2  1  1 29       12789.17         0.4660         9.4564
  2  1  1 30       11007.42         0.4672         9.3063
  2  1  1 31        9376.31         0.4683         9.1459
  2  1  1 32        7903.04         0.4693         8.9750
  2  1  1 33        6590.00         0.4703         8.7933
  2  1  1 34        5435.24         0.4712         8.6007
  2  1  1 35        4433.09         0.4720         8.3969
  2  1  1 36        3574.88         0.4728         8.1817
  2  1  1 37        2849.69         0.4735         7.9550
  2  1  2  1       24091.26         0.3443        10.0896
  2  1  2  2       25409.63         0.3545        10.1429
  2  1  2  3       26673.43         0.3638        10.1914
  2  1  2  4       27862.10         0.3725        10.2350
  2  1  2  5       28954.53         0.3806        10.2735
  2  1  2  6       29929.50         0.3880        10.3066
  2  1  2  7       30766.34         0.3949        10.3342
  2  1  2  8       31445.49         0.4013        10.3560
  2  1  2  9       31949.20         0.4073        10.3719
  2  1  2 10       32262.18         0.4128        10.3817
  2  1  2 11       32372.21         0.4179        10.3851
  2  1  2 12       32270.73         0.4226        10.3819
  2  1  2 13       31953.32         0.4270        10.3720
  2  1  2 14       31420.05         0.4310        10.3552
  2  1  2 15       30675.69         0.4348        10.3312
  2  1  2 16       29729.74         0.4383        10.2999
  2  1  2 17       28596.34         0.4415        10.2610
  2  1  2 18       27293.86         0.4445        10.2144
  2  1  2 19       25844.47         0.4473        10.1599
  2  1  2 20       24273.44         0.4499        10.0971
  2  1  2 21       22608.37         0.4522        10.0261
  2  1  2 22       20878.24         0.4544         9.9465
  2  1  2 23       19112.54         0.4565         9.8581
  2  1  2 24       17340.26         0.4584         9.7608
  2  1  2 25       15589.00         0.4602         9.6543
  2  1  2 26       13884.16         0.4618         9.5385
  2  1  2 27       12248.20         0.4633         9.4131
  2  1  2 28       10700.14         0.4647         9.2780
  2  1  2 29        9255.16         0.4660         9.1329
  2  1  2 30        7924.43         0.4672         8.9777
  2  1  2 31        6715.15         0.4683         8.8121
  2  1  2 32        5630.66         0.4693         8.6360
  2  1  2 33        4670.80         0.4703         8.4491
  2  1  2 34        3832.35         0.4712         8.2512
  2  1  2 35        3109.53         0.4720         8.0422
  2  1  2 36        2494.54         0.4728         7.8219
  2  1  2 37        1978.19         0.4735         7.5899
  2  2  1  1       36126.33         0.2965        10.4948
  2  2  1  2       38930.59         0.3131        10.5695
  2  2  1  3       41566.31         0.3291        10.6350
  2  2  1  4       43984.72         0.3444        10.6916
  2  2  1  5       46142.25         0.3590        10.7395
  2  2  1  6       48001.97         0.3731        10.7790
  2  2  1  7       49534.67         0.3865        10.8104
  2  2  1  8       50719.63         0.3994        10.8341
  2  2  1  9       51544.97         0.4118        10.8502
  2  2  1 10       52007.56         0.4237        10.8591
  2  2  1 11       52112.68         0.4350        10.8612
  2  2  1 12       51873.27         0.4459        10.8566
  2  2  1 13       51309.04         0.4564        10.8456
  2  2  1 14       50445.32         0.4664        10.8286
  2  2  1 15       49311.85         0.4760        10.8059
  2  2  1 16       47941.51         0.4852        10.7777
  2  2  1 17       46369.13         0.4940        10.7444
  2  2  1 18       44630.28         0.5025        10.7062
  2  2  1 19       42760.26         0.5106        10.6634
  2  2  1 20       40793.21         0.5183        10.6163
  2  2  1 21       38761.35         0.5258        10.5652
  2  2  1 22       36694.42         0.5329        10.5104
  2  2  1 23       34619.28         0.5398        10.4522
  2  2  1 24       32559.63         0.5463        10.3908
  2  2  1 25       30535.93         0.5526        10.3267
  2  2  1 26       28565.35         0.5586        10.2599
  2  2  1 27       26661.93         0.5644        10.1910
  2  2  1 28       24836.70         0.5700        10.1201
  2  2  1 29       23097.93         0.5753        10.0475
  2  2  1 30       21451.40         0.5804         9.9735
  2  2  1 31       19900.71         0.5852         9.8985
  2  2  1 32       18447.54         0.5899         9.8227
  2  2  1 33       17091.97         0.5944         9.7464
  2  2  1 34       15832.73         0.5987         9.6698
  2  2  1 35       14667.51         0.6028         9.5934
  2  2  1 36       13593.17         0.6067         9.5173
  2  2  1 37       12605.95         0.6105         9.4419
  2  2  2  1       31929.26         0.2965        10.3713
  2  2  2  2       34396.97         0.3131        10.4457
  2  2  2  3       36714.26         0.3291        10.5109
  2  2  2  4       38838.22         0.3444        10.5672
  2  2  2  5       40730.56         0.3590        10.6147
  2  2  2  6       42358.92         0.3731        10.6539
  2  2  2  7       43697.77         0.3865        10.6851
  2  2  2  8       44729.11         0.3994        10.7084
  2  2  2  9       45442.76         0.4118        10.7242
  2  2  2 10       45836.25         0.4237        10.7328
  2  2  2 11       45914.53         0.4350        10.7345
  2  2  2 12       45689.30         0.4459        10.7296
  2  2  2 13       45178.20         0.4564        10.7184
  2  2  2 14       44403.80         0.4664        10.7011
  2  2  2 15       43392.50         0.4760        10.6780
  2  2  2 16       42173.47         0.4852        10.6495
  2  2  2 17       40777.51         0.4940        10.6159
  2  2  2 18       39236.07         0.5025        10.5774
  2  2  2 19       37580.32         0.5106        10.5342
  2  2  2 20       35840.34         0.5183        10.4868
  2  2  2 21       34044.53         0.5258        10.4354
  2  2  2 22       32219.05         0.5329        10.3803
  2  2  2 23       30387.49         0.5398        10.3218
  2  2  2 24       28570.67         0.5463        10.2601
  2  2  2 25       26786.52         0.5526        10.1957
  2  2  2 26       25050.07         0.5586        10.1286
  2  2  2 27       23373.58         0.5644        10.0594
  2  2  2 28       21766.65         0.5700         9.9881
  2  2  2 29       20236.48         0.5753         9.9152
  2  2  2 30       18788.05         0.5804         9.8410
  2  2  2 31       17424.44         0.5852         9.7656
  2  2  2 32       16147.04         0.5899         9.6895
  2  2  2 33       14955.83         0.5944         9.6129
  2  2  2 34       13849.64         0.5987         9.5360
  2  2  2 35       12826.36         0.6028         9.4593
  2  2  2 36       11883.16         0.6067         9.3829
  2  2  2 37       11016.68         0.6105         9.3072
  2  3  1  1       43229.81         0.3138        10.6743
  2  3  1  2       51520.50         0.3504        10.8497
  2  3  1  3       59670.72         0.3869        10.9966
  2  3  1  4       67304.93         0.4232        11.1170
  2  3  1  5       74089.53         0.4593        11.2130
  2  3  1  6       79764.78         0.4953        11.2868
  2  3  1  7       84164.66         0.5310        11.3405
  2  3  1  8       87223.34         0.5666        11.3762
  2  3  1  9       88969.24         0.6019        11.3960
  2  3  1 10       89509.95         0.6371        11.4021
  2  3  1 11       89011.66         0.6721        11.3965
  2  3  1 12       87677.19         0.7069        11.3814
  2  3  1 13       85725.60         0.7416        11.3589
  2  3  1 14       83375.51         0.7760        11.3311
  2  3  1 15       80833.35         0.8103        11.3001
  2  3  1 16       78286.47         0.8444        11.2681
  2  3  1 17       75900.88         0.8784        11.2372
  2  3  1 18       73822.87         0.9121        11.2094
  2  3  1 19       72183.67         0.9457        11.1870
  2  3  1 20       71106.76         0.9791        11.1719
  2  3  1 21       70717.48         1.0123        11.1664
  2  3  1 22       71155.17         1.0454        11.1726
  2  3  1 23       72588.87         1.0783        11.1926
  2  3  1 24       75238.02         1.1110        11.2284
  2  3  1 25       79401.46         1.1435        11.2823
  2  3  1 26       85499.45         1.1759        11.3563
  2  3  1 27       94137.33         1.2081        11.4525
  2  3  1 28      106204.79         1.2401        11.5731
  2  3  1 29      123035.37         1.2720        11.7202
  2  3  1 30      146669.39         1.3037        11.8959
  2  3  1 31      180298.69         1.3353        12.1024
  2  3  1 32      229038.87         1.3667        12.3416
  2  3  1 33      301307.10         1.3979        12.6159
  2  3  1 34      411351.44         1.4289        12.9272
  2  3  1 35      584036.70         1.4598        13.2777
  2  3  1 36      864192.90         1.4906        13.6696
  2  3  1 37     1335502.33         1.5211        14.1048
  2  3  2  1       36137.66         0.3138        10.4951
  2  3  2  2       43679.52         0.3504        10.6846
  2  3  2  3       51307.41         0.3869        10.8456
  2  3  2  4       58693.06         0.4232        10.9801
  2  3  2  5       65526.63         0.4593        11.0902
  2  3  2  6       71547.30         0.4953        11.1781
  2  3  2  7       76565.47         0.5310        11.2459
  2  3  2  8       80474.25         0.5666        11.2957
  2  3  2  9       83250.18         0.6019        11.3296
  2  3  2 10       84944.97         0.6371        11.3498
  2  3  2 11       85671.10         0.6721        11.3583
  2  3  2 12       85584.51         0.7069        11.3573
  2  3  2 13       84867.25         0.7416        11.3488
  2  3  2 14       83712.28         0.7760        11.3351
  2  3  2 15       82311.84         0.8103        11.3183
  2  3  2 16       80849.90         0.8444        11.3003
  2  3  2 17       79498.82         0.8784        11.2835
  2  3  2 18       78419.82         0.9121        11.2698
  2  3  2 19       77766.94         0.9457        11.2615
  2  3  2 20       77694.10         0.9791        11.2605
  2  3  2 21       78365.51         1.0123        11.2691
  2  3  2 22       79969.75         1.0454        11.2894
  2  3  2 23       82739.02         1.0783        11.3234
  2  3  2 24       86975.87         1.1110        11.3734
  2  3  2 25       93091.70         1.1435        11.4413
  2  3  2 26      101663.93         1.1759        11.5294
  2  3  2 27      113523.69         1.2081        11.6398
  2  3  2 28      129894.22         1.2401        11.7745
  2  3  2 29      152614.84         1.2720        11.9357
  2  3  2 30      184513.16         1.3037        12.1255
  2  3  2 31      230039.01         1.3353        12.3460
  2  3  2 32      296373.39         1.3667        12.5994
  2  3  2 33      395421.65         1.3979        12.8877
  2  3  2 34      547501.33         1.4289        13.2131
  2  3  2 35      788375.96         1.4598        13.5777
  2  3  2 36     1183109.66         1.4906        13.9837
  2  3  2 37     1854300.15         1.5211        14.4330
