   10.0673993533242      -5.006883225813673E-002 -1.310721150283529E-003
 -6.406390013723427E-006 -0.248305900036429      -2.487926085955704E-003
   10.4634470223905      -2.977176918292933E-002 -2.507090073791747E-004
  9.334301232543288E-006 -0.106390468561672       7.314992298771046E-004
   11.3507198681997       3.332478470014644E-002  2.818785929599344E-003
  5.449525583750079E-005  8.753955663668020E-002  4.974335301635887E-003
  2.472618181310888E-002  3.025043375544668E-002  3.361457362073312E-002
  2.472618181310888E-002  3.025043375544668E-002  3.361457362073312E-002
  2.472618181310888E-002  3.025043375544668E-002  3.361457362073312E-002
  2.472618181310888E-002  3.025043375544668E-002  3.361457362073312E-002
  2.472618181310888E-002  3.025043375544668E-002  3.361457362073312E-002
  0.158586725698521       0.129981987278284       0.133296287612188     
  0.158586725698521       0.129981987278284       0.133296287612188     
  0.158586725698521       0.129981987278284       0.133296287612188     
  0.158586725698521       0.129981987278284       0.133296287612188     
  0.158586725698521       0.129981987278284       0.133296287612188     
  0.972332456819578       0.979753034944043       0.998111866573745     
  0.972332456819578       0.979753034944043       0.998111866573745     
  0.972332456819578       0.979753034944043       0.998111866573745     
  0.972332456819578       0.979753034944043       0.998111866573745     
  0.972332456819578       0.979753034944043       0.998111866573745     
  0.148368361625531       0.163120587527001       0.190572416112534     
  0.148368361625531       0.163120587527001       0.190572416112534     
  0.148368361625531       0.163120587527001       0.190572416112534     
  0.148368361625531       0.163120587527001       0.190572416112534     
  0.148368361625531       0.163120587527001       0.190572416112534     
