  1  1  1  1           0.0           0.0        7085.3       16590.5       70622.1
  1  1  1  2           0.0           0.0       12417.9       25597.6       92776.4
  1  1  1  3           0.0           0.0       20366.8       37952.4      118834.5
  1  1  1  4           0.0        9335.1       31548.9       54077.5      148587.6
  1  1  1  5           0.0       17400.1       46544.3       74121.7      181586.4
  1  1  1  6           0.0       28315.9       65795.4       97886.1      217155.8
  1  1  1  7           0.0       41849.6       89477.8      124807.7      254432.6
  1  1  1  8           0.0       57621.5      117385.2      154005.9      292424.5
  1  1  1  9       24449.0       75085.6      148866.9      184384.2      330080.9
  1  1  1 10       34823.9       93533.2      182845.1      214759.9      366369.4
  1  1  1 11       45503.6      112155.3      217919.9      243996.7      400346.6
  1  1  1 12       55858.4      130142.1      252547.3      271113.7      431218.7
  1  1  1 13       65418.3      146783.3      285246.2      295357.1      458384.1
  1  1  1 14       73865.2      161538.4      314780.7      316231.6      481458.1
  1  1  1 15       81019.7      174069.0      340277.6      333496.6      500276.9
  1  1  1 16       86819.8      184232.7      361262.4      347138.3      514886.8
  1  1  1 17       91294.8      192053.2      377627.4      357327.5      525519.2
  1  1  1 18       94537.5      197677.9      389556.2      364372.9      532558.2
  1  1  1 19       96678.9      201334.6      397432.2      368676.4      536504.7
  1  1  1 20       97866.0      203292.2      401750.4      370692.4      537940.4
  1  1  1 21       98244.3      203827.7      403039.6      370894.1      537495.8
  1  1  1 22       97942.6      203199.6      401799.5      369745.0      535824.6
  1  1  1 23       97059.1      201623.8      398446.2      367674.6      533584.2
  1  1  1 24       95646.9      199250.5      393262.7      365056.4      531425.4
  1  1  1 25       93694.5      196137.6      386349.4      362183.3      529989.1
  1  1  1 26       91099.0      192217.7      377571.5      359236.6      529911.0
  1  1  1 27       87628.7      187257.0      366512.9      356241.2      531834.6
  1  1  1 28       82871.8      180811.0      352459.1      353000.9      536431.4
  1  1  1 29       76177.9      172191.6      334461.0      349010.6      544429.7
  1  1  1 30       66620.0      160480.4      311542.0      343355.9      556654.5
  1  1  1 31       53103.2      144621.6      283073.9      334642.4      574079.7
  1  1  1 32       35108.7      123578.7      249203.0      321054.0      597898.3
  1  1  1 33           0.0       96449.6      211037.7      300689.5      629618.5
  1  1  1 34           0.0       62996.0      170291.6      272290.0      671195.0
  1  1  1 35           0.0           0.0      128399.1      236216.1      725216.0
  1  1  1 36           0.0           0.0       86414.1      195098.2      795169.3
  1  1  1 37           0.0           0.0           0.0      153415.9      885832.6
  1  1  2  1           0.0           0.0        7085.3       16590.5       70622.1
  1  1  2  2           0.0           0.0       12417.9       25597.6       92776.4
  1  1  2  3           0.0           0.0       20366.8       37952.4      118834.5
  1  1  2  4           0.0        9335.1       31548.9       54077.5      148587.6
  1  1  2  5           0.0       17400.1       46544.3       74121.7      181586.4
  1  1  2  6           0.0       28315.9       65795.4       97886.1      217155.8
  1  1  2  7           0.0       41849.6       89477.8      124807.7      254432.6
  1  1  2  8           0.0       57621.5      117385.2      154005.9      292424.5
  1  1  2  9       24449.0       75085.6      148866.9      184384.2      330080.9
  1  1  2 10       34823.9       93533.2      182845.1      214759.9      366369.4
  1  1  2 11       45503.6      112155.3      217919.9      243996.7      400346.6
  1  1  2 12       55858.4      130142.1      252547.3      271113.7      431218.7
  1  1  2 13       65418.3      146783.3      285246.2      295357.1      458384.1
  1  1  2 14       73865.2      161538.4      314780.7      316231.6      481458.1
  1  1  2 15       81019.7      174069.0      340277.6      333496.6      500276.9
  1  1  2 16       86819.8      184232.7      361262.4      347138.3      514886.8
  1  1  2 17       91294.8      192053.2      377627.4      357327.5      525519.2
  1  1  2 18       94537.5      197677.9      389556.2      364372.9      532558.2
  1  1  2 19       96678.9      201334.6      397432.2      368676.4      536504.7
  1  1  2 20       97866.0      203292.2      401750.4      370692.4      537940.4
  1  1  2 21       98244.3      203827.7      403039.6      370894.1      537495.8
  1  1  2 22       97942.6      203199.6      401799.5      369745.0      535824.6
  1  1  2 23       97059.1      201623.8      398446.2      367674.6      533584.2
  1  1  2 24       95646.9      199250.5      393262.7      365056.4      531425.4
  1  1  2 25       93694.5      196137.6      386349.4      362183.3      529989.1
  1  1  2 26       91099.0      192217.7      377571.5      359236.6      529911.0
  1  1  2 27       87628.7      187257.0      366512.9      356241.2      531834.6
  1  1  2 28       82871.8      180811.0      352459.1      353000.9      536431.4
  1  1  2 29       76177.9      172191.6      334461.0      349010.6      544429.7
  1  1  2 30       66620.0      160480.4      311542.0      343355.9      556654.5
  1  1  2 31       53103.2      144621.6      283073.9      334642.4      574079.7
  1  1  2 32       35108.7      123578.7      249203.0      321054.0      597898.3
  1  1  2 33           0.0       96449.6      211037.7      300689.5      629618.5
  1  1  2 34           0.0       62996.0      170291.6      272290.0      671195.0
  1  1  2 35           0.0           0.0      128399.1      236216.1      725216.0
  1  1  2 36           0.0           0.0       86414.1      195098.2      795169.3
  1  1  2 37           0.0           0.0           0.0      153415.9      885832.6
  2  1  1  1           0.0           0.0       10715.7       20914.0       73384.1
  2  1  1  2           0.0           0.0       13086.5       24798.7       83306.1
  2  1  1  3           0.0           0.0       16436.8       29939.6       94603.0
  2  1  1  4           0.0           0.0       21031.1       36603.7      107395.8
  2  1  1  5           0.0           0.0       27185.1       45070.8      121793.6
  2  1  1  6           0.0       12147.2       35266.8       55604.6      137885.4
  2  1  1  7           0.0       18272.0       45687.0       68415.1      155729.1
  2  1  1  8           0.0       26189.5       58870.1       83615.8      175339.6
  2  1  1  9           0.0       35935.3       75195.8      101186.2      196675.3
  2  1  1 10           0.0       47478.1       94916.3      120947.5      219624.6
  2  1  1 11       20164.1       60689.6      118060.3      142560.2      243991.3
  2  1  1 12       28709.3       75304.7      144347.9      165542.3      269482.8
  2  1  1 13       37886.0       90911.3      173147.6      189304.5      295700.7
  2  1  1 14       47244.1      106978.5      203500.1      213190.4      322136.1
  2  1  1 15       56392.5      122910.8      234210.5      236512.0      348171.6
  2  1  1 16       64993.0      138105.7      263978.4      258574.7      373091.5
  2  1  1 17       72755.8      151995.3      291524.2      278692.3      396101.6
  2  1  1 18       79433.6      164068.1      315675.1      296196.9      416359.3
  2  1  1 19       84814.8      173873.6      335404.5      310449.6      433013.5
  2  1  1 20       88715.5      181018.6      349835.6      320856.5      445253.6
  2  1  1 21       90974.2      185164.8      358232.3      326890.5      452363.2
  2  1  1 22       91448.1      186026.8      359988.4      328116.7      453776.6
  2  1  1 23       90009.9      183372.6      354620.6      324215.3      449131.2
  2  1  1 24       86541.6      177021.2      341766.6      314996.1      438310.4
  2  1  1 25       80924.8      166838.8      321197.3      300398.3      421472.1
  2  1  1 26       73029.4      152740.9      292874.1      280474.5      399057.7
  2  1  1 27       62716.4      134731.0      257122.3      255369.4      371777.7
  2  1  1 28       49891.8      113025.7      215002.3      225328.3      340575.2
  2  1  1 29       34707.9       88306.2      168828.6      190809.5      306567.5
  2  1  1 30           0.0       61986.6      122415.2      152795.5      270971.4
  2  1  1 31           0.0       36167.3       80354.9      113295.8      235020.8
  2  1  1 32           0.0       13879.4       46270.6       75690.1      199883.0
  2  1  1 33           0.0           0.0       21479.0       44157.5      166584.1
  2  1  1 34           0.0           0.0           0.0       21839.4      135950.2
  2  1  1 35           0.0           0.0           0.0        8984.6      108571.7
  2  1  1 36           0.0           0.0           0.0        3086.2       84790.1
  2  1  1 37           0.0           0.0           0.0         922.0       64709.1
  2  1  2  1           0.0           0.0       10715.7       20914.0       73384.1
  2  1  2  2           0.0           0.0       13086.5       24798.7       83306.1
  2  1  2  3           0.0           0.0       16436.8       29939.6       94603.0
  2  1  2  4           0.0           0.0       21031.1       36603.7      107395.8
  2  1  2  5           0.0           0.0       27185.1       45070.8      121793.6
  2  1  2  6           0.0       12147.2       35266.8       55604.6      137885.4
  2  1  2  7           0.0       18272.0       45687.0       68415.1      155729.1
  2  1  2  8           0.0       26189.5       58870.1       83615.8      175339.6
  2  1  2  9           0.0       35935.3       75195.8      101186.2      196675.3
  2  1  2 10           0.0       47478.1       94916.3      120947.5      219624.6
  2  1  2 11       20164.1       60689.6      118060.3      142560.2      243991.3
  2  1  2 12       28709.3       75304.7      144347.9      165542.3      269482.8
  2  1  2 13       37886.0       90911.3      173147.6      189304.5      295700.7
  2  1  2 14       47244.1      106978.5      203500.1      213190.4      322136.1
  2  1  2 15       56392.5      122910.8      234210.5      236512.0      348171.6
  2  1  2 16       64993.0      138105.7      263978.4      258574.7      373091.5
  2  1  2 17       72755.8      151995.3      291524.2      278692.3      396101.6
  2  1  2 18       79433.6      164068.1      315675.1      296196.9      416359.3
  2  1  2 19       84814.8      173873.6      335404.5      310449.6      433013.5
  2  1  2 20       88715.5      181018.6      349835.6      320856.5      445253.6
  2  1  2 21       90974.2      185164.8      358232.3      326890.5      452363.2
  2  1  2 22       91448.1      186026.8      359988.4      328116.7      453776.6
  2  1  2 23       90009.9      183372.6      354620.6      324215.3      449131.2
  2  1  2 24       86541.6      177021.2      341766.6      314996.1      438310.4
  2  1  2 25       80924.8      166838.8      321197.3      300398.3      421472.1
  2  1  2 26       73029.4      152740.9      292874.1      280474.5      399057.7
  2  1  2 27       62716.4      134731.0      257122.3      255369.4      371777.7
  2  1  2 28       49891.8      113025.7      215002.3      225328.3      340575.2
  2  1  2 29       34707.9       88306.2      168828.6      190809.5      306567.5
  2  1  2 30           0.0       61986.6      122415.2      152795.5      270971.4
  2  1  2 31           0.0       36167.3       80354.9      113295.8      235020.8
  2  1  2 32           0.0       13879.4       46270.6       75690.1      199883.0
  2  1  2 33           0.0           0.0       21479.0       44157.5      166584.1
  2  1  2 34           0.0           0.0           0.0       21839.4      135950.2
  2  1  2 35           0.0           0.0           0.0        8984.6      108571.7
  2  1  2 36           0.0           0.0           0.0        3086.2       84790.1
  2  1  2 37           0.0           0.0           0.0         922.0       64709.1
  1  2  1  1           0.0       13645.0       38414.7       62853.8      159621.3
  1  2  1  2           0.0       19255.3       49058.6       77115.3      184490.2
  1  2  1  3           0.0       26704.0       62664.5       94343.0      212329.0
  1  2  1  4           0.0       36265.1       79835.4      114821.9      243275.3
  1  2  1  5           0.0       48179.6      101188.9      138744.4      277420.8
  1  2  1  6           0.0       62635.3      127296.5      166178.5      314797.7
  1  2  1  7       26043.4       79733.9      158601.2      197044.8      355365.4
  1  2  1  8       36679.0       99450.3      195321.8      231108.4      398996.3
  1  2  1  9       48824.5      121603.2      237362.9      267986.5      445463.6
  1  2  1 10       62130.0      145847.3      284255.7      307169.0      494429.7
  1  2  1 11       76226.6      171694.9      335153.4      348047.5      545437.9
  1  2  1 12       90742.4      198558.4      388891.5      389945.7      597907.1
  1  2  1 13      105317.9      225803.4      444098.6      432145.3      651132.2
  1  2  1 14      119619.6      252795.8      499327.8      473904.1      704289.2
  1  2  1 15      133347.8      278935.2      553170.5      514467.3      756447.2
  1  2  1 16      146238.0      303670.1      604328.7      553073.1      806587.3
  1  2  1 17      158056.2      326498.9      651643.5      588958.7      853627.8
  1  2  1 18      168592.7      346964.6      694091.7      621368.1      896457.3
  1  2  1 19      177657.0      364649.3      730768.5      649565.3      933971.9
  1  2  1 20      185074.9      379171.3      760872.4      672852.8      965118.3
  1  2  1 21      190688.7      390188.3      783699.0      690595.5      988938.3
  1  2  1 22      194359.9      397403.4      798643.7      702245.2     1004613.6
  1  2  1 23      195972.1      400573.4      805210.3      707366.4     1011508.5
  1  2  1 24      195433.7      399514.8      803017.3      705656.4     1009206.4
  1  2  1 25      192676.8      394105.3      791795.8      696959.0      997538.7
  1  2  1 26      187651.3      384276.2      771371.2      681266.3      976603.2
  1  2  1 27      180311.7      369993.9      741624.6      658706.4      946770.3
  1  2  1 28      170594.7      351228.6      702436.3      629512.8      908674.7
  1  2  1 29      158388.5      327913.8      653633.1      593974.5      863195.1
  1  2  1 30      143500.8      299915.5      595003.3      552370.7      811419.8
  1  2  1 31      125645.8      267056.3      526509.2      504907.7      754601.5
  1  2  1 32      104500.0      229278.5      448870.0      451705.3      694104.0
  1  2  1 33       79906.6      187028.5      364525.4      392918.7      631343.3
  1  2  1 34       52399.4      141786.1      278419.0      329111.9      567727.8
  1  2  1 35           0.0       96276.4      197473.4      261915.7      504600.3
  1  2  1 36           0.0       53915.9      128277.1      194709.4      443187.1
  1  2  1 37           0.0           0.0       74400.8      132632.2      384554.9
  1  2  2  1           0.0       13645.0       38414.7       62853.8      159621.3
  1  2  2  2           0.0       19255.3       49058.6       77115.3      184490.2
  1  2  2  3           0.0       26704.0       62664.5       94343.0      212329.0
  1  2  2  4           0.0       36265.1       79835.4      114821.9      243275.3
  1  2  2  5           0.0       48179.6      101188.9      138744.4      277420.8
  1  2  2  6           0.0       62635.3      127296.5      166178.5      314797.7
  1  2  2  7       26043.4       79733.9      158601.2      197044.8      355365.4
  1  2  2  8       36679.0       99450.3      195321.8      231108.4      398996.3
  1  2  2  9       48824.5      121603.2      237362.9      267986.5      445463.6
  1  2  2 10       62130.0      145847.3      284255.7      307169.0      494429.7
  1  2  2 11       76226.6      171694.9      335153.4      348047.5      545437.9
  1  2  2 12       90742.4      198558.4      388891.5      389945.7      597907.1
  1  2  2 13      105317.9      225803.4      444098.6      432145.3      651132.2
  1  2  2 14      119619.6      252795.8      499327.8      473904.1      704289.2
  1  2  2 15      133347.8      278935.2      553170.5      514467.3      756447.2
  1  2  2 16      146238.0      303670.1      604328.7      553073.1      806587.3
  1  2  2 17      158056.2      326498.9      651643.5      588958.7      853627.8
  1  2  2 18      168592.7      346964.6      694091.7      621368.1      896457.3
  1  2  2 19      177657.0      364649.3      730768.5      649565.3      933971.9
  1  2  2 20      185074.9      379171.3      760872.4      672852.8      965118.3
  1  2  2 21      190688.7      390188.3      783699.0      690595.5      988938.3
  1  2  2 22      194359.9      397403.4      798643.7      702245.2     1004613.6
  1  2  2 23      195972.1      400573.4      805210.3      707366.4     1011508.5
  1  2  2 24      195433.7      399514.8      803017.3      705656.4     1009206.4
  1  2  2 25      192676.8      394105.3      791795.8      696959.0      997538.7
  1  2  2 26      187651.3      384276.2      771371.2      681266.3      976603.2
  1  2  2 27      180311.7      369993.9      741624.6      658706.4      946770.3
  1  2  2 28      170594.7      351228.6      702436.3      629512.8      908674.7
  1  2  2 29      158388.5      327913.8      653633.1      593974.5      863195.1
  1  2  2 30      143500.8      299915.5      595003.3      552370.7      811419.8
  1  2  2 31      125645.8      267056.3      526509.2      504907.7      754601.5
  1  2  2 32      104500.0      229278.5      448870.0      451705.3      694104.0
  1  2  2 33       79906.6      187028.5      364525.4      392918.7      631343.3
  1  2  2 34       52399.4      141786.1      278419.0      329111.9      567727.8
  1  2  2 35           0.0       96276.4      197473.4      261915.7      504600.3
  1  2  2 36           0.0       53915.9      128277.1      194709.4      443187.1
  1  2  2 37           0.0           0.0       74400.8      132632.2      384554.9
  2  2  1  1           0.0           0.0       18465.8       38476.8      141284.5
  2  2  1  2           0.0           0.0       22113.2       44536.6      156058.4
  2  2  1  3           0.0           0.0       27213.3       52452.0      172509.0
  2  2  1  4           0.0           0.0       34108.6       62542.7      190745.0
  2  2  1  5           0.0           0.0       43205.3       75125.6      210860.7
  2  2  1  6           0.0       18810.6       54974.6       90474.5      232929.0
  2  2  1  7           0.0       27739.1       69940.3      108772.0      256993.3
  2  2  1  8           0.0       39021.6       88638.9      130063.1      283057.6
  2  2  1  9           0.0       52638.9      111542.5      154219.9      311076.3
  2  2  1 10           0.0       68503.2      138951.5      180930.6      340943.8
  2  2  1 11       28954.6       86415.2      170874.6      209717.0      372483.5
  2  2  1 12       40525.9      106015.9      206927.2      239976.8      405437.7
  2  2  1 13       52750.2      126783.5      246291.3      271039.7      439459.1
  2  2  1 14       65086.9      148083.2      287768.6      302221.3      474105.3
  2  2  1 15       77107.1      169246.2      329924.9      332861.4      508835.6
  2  2  1 16       88476.4      189643.9      371278.3      362340.1      543014.2
  2  2  1 17       98939.8      208733.2      410463.5      390076.2      575917.6
  2  2  1 18      108306.0      226065.6      446322.4      415513.8      606749.6
  2  2  1 19      116426.3      241271.0      477912.8      438108.6      634663.0
  2  2  1 20      123175.3      254031.9      504465.1      457320.7      658788.5
  2  2  1 21      128436.0      264059.4      525322.7      472617.3      678269.7
  2  2  1 22      132090.3      271078.7      539891.7      483485.1      692304.3
  2  2  1 23      134014.4      274822.4      547607.5      489448.4      700187.4
  2  2  1 24      134075.1      275026.1      547912.3      490087.8      701356.3
  2  2  1 25      132122.0      271421.0      540229.9      485052.8      695432.4
  2  2  1 26      127972.6      263716.5      523930.8      474060.8      682256.1
  2  2  1 27      121385.2      251568.6      498289.5      456874.9      661912.7
  2  2  1 28      112021.1      234546.7      462484.4      433255.9      634745.0
  2  2  1 29       99416.1      212139.7      415776.2      402900.0      601350.7
  2  2  1 30       83015.2      183908.2      358104.2      365409.0      562562.4
  2  2  1 31       62400.8      149922.9      291239.3      320416.6      519412.7
  2  2  1 32       38056.6      111457.8      219930.7      268071.0      473083.5
  2  2  1 33           0.0       71338.6      151512.9      209998.3      424845.6
  2  2  1 34           0.0       33655.0       93101.9      150359.0      375990.6
  2  2  1 35           0.0           0.0       48342.4       95763.6      327763.0
  2  2  1 36           0.0           0.0       18246.4       52884.7      281296.5
  2  2  1 37           0.0           0.0           0.0       24865.9      237560.9
  2  2  2  1           0.0           0.0       18465.8       38476.8      141284.5
  2  2  2  2           0.0           0.0       22113.2       44536.6      156058.4
  2  2  2  3           0.0           0.0       27213.3       52452.0      172509.0
  2  2  2  4           0.0           0.0       34108.6       62542.7      190745.0
  2  2  2  5           0.0           0.0       43205.3       75125.6      210860.7
  2  2  2  6           0.0       18810.6       54974.6       90474.5      232929.0
  2  2  2  7           0.0       27739.1       69940.3      108772.0      256993.3
  2  2  2  8           0.0       39021.6       88638.9      130063.1      283057.6
  2  2  2  9           0.0       52638.9      111542.5      154219.9      311076.3
  2  2  2 10           0.0       68503.2      138951.5      180930.6      340943.8
  2  2  2 11       28954.6       86415.2      170874.6      209717.0      372483.5
  2  2  2 12       40525.9      106015.9      206927.2      239976.8      405437.7
  2  2  2 13       52750.2      126783.5      246291.3      271039.7      439459.1
  2  2  2 14       65086.9      148083.2      287768.6      302221.3      474105.3
  2  2  2 15       77107.1      169246.2      329924.9      332861.4      508835.6
  2  2  2 16       88476.4      189643.9      371278.3      362340.1      543014.2
  2  2  2 17       98939.8      208733.2      410463.5      390076.2      575917.6
  2  2  2 18      108306.0      226065.6      446322.4      415513.8      606749.6
  2  2  2 19      116426.3      241271.0      477912.8      438108.6      634663.0
  2  2  2 20      123175.3      254031.9      504465.1      457320.7      658788.5
  2  2  2 21      128436.0      264059.4      525322.7      472617.3      678269.7
  2  2  2 22      132090.3      271078.7      539891.7      483485.1      692304.3
  2  2  2 23      134014.4      274822.4      547607.5      489448.4      700187.4
  2  2  2 24      134075.1      275026.1      547912.3      490087.8      701356.3
  2  2  2 25      132122.0      271421.0      540229.9      485052.8      695432.4
  2  2  2 26      127972.6      263716.5      523930.8      474060.8      682256.1
  2  2  2 27      121385.2      251568.6      498289.5      456874.9      661912.7
  2  2  2 28      112021.1      234546.7      462484.4      433255.9      634745.0
  2  2  2 29       99416.1      212139.7      415776.2      402900.0      601350.7
  2  2  2 30       83015.2      183908.2      358104.2      365409.0      562562.4
  2  2  2 31       62400.8      149922.9      291239.3      320416.6      519412.7
  2  2  2 32       38056.6      111457.8      219930.7      268071.0      473083.5
  2  2  2 33           0.0       71338.6      151512.9      209998.3      424845.6
  2  2  2 34           0.0       33655.0       93101.9      150359.0      375990.6
  2  2  2 35           0.0           0.0       48342.4       95763.6      327763.0
  2  2  2 36           0.0           0.0       18246.4       52884.7      281296.5
  2  2  2 37           0.0           0.0           0.0       24865.9      237560.9
  1  3  1  1           0.0       13536.8       43315.7       76663.4      213740.2
  1  3  1  2           0.0       27446.4       68240.5      109041.2      263581.6
  1  3  1  3           0.0       46159.7      101560.8      148334.2      320710.3
  1  3  1  4           0.0       69564.5      144202.1      194269.5      385188.7
  1  3  1  5       32517.1       97528.2      196528.1      246335.6      456867.8
  1  3  1  6       49337.6      129703.5      258258.7      303852.1      535374.3
  1  3  1  7       68110.7      165521.4      328503.5      366024.5      620109.2
  1  3  1  8       88272.2      204265.5      405894.4      431982.4      710257.9
  1  3  1  9      109355.4      245154.7      488768.8      500805.4      804813.0
  1  3  1 10      130952.0      287406.7      575350.0      571541.4      902606.6
  1  3  1 11      152698.8      330276.3      663888.2      643223.0     1002352.0
  1  3  1 12      174271.7      373074.6      752750.5      714885.6     1102691.2
  1  3  1 13      195382.6      415177.7      840467.0      785587.0     1202245.4
  1  3  1 14      215777.5      456028.6      925748.1      854429.9     1299665.4
  1  3  1 15      235235.3      495139.4     1007487.5      920583.7     1393679.2
  1  3  1 16      253568.4      532093.4     1084760.1      983306.9     1483134.7
  1  3  1 17      270623.0      566547.4     1156819.0     1041965.2     1567034.3
  1  3  1 18      286280.7      598233.8     1223092.5     1096046.7     1644561.9
  1  3  1 19      300459.0      626962.6     1283180.8     1145171.2     1715099.7
  1  3  1 20      313111.2      652620.7     1336850.9     1189095.1     1778236.9
  1  3  1 21      324225.5      675169.5     1384028.3     1227710.3     1833768.9
  1  3  1 22      333823.3      694641.4     1424786.4     1261038.6     1881689.7
  1  3  1 23      341955.8      711133.0     1459332.1     1289222.1     1922177.2
  1  3  1 24      348701.2      724798.2     1487989.2     1312510.5     1955575.3
  1  3  1 25      354160.0      735839.2     1511180.3     1331246.3     1982371.4
  1  3  1 26      358450.7      744497.4     1529406.8     1345849.1     2003173.0
  1  3  1 27      361705.6      751044.7     1543230.1     1356799.3     2018685.0
  1  3  1 28      364066.6      755774.0     1553252.9     1364623.0     2029686.3
  1  3  1 29      365680.6      758991.7     1560101.6     1369877.9     2037010.4
  1  3  1 30      366696.4      761009.6     1564410.7     1373141.1     2041527.0
  1  3  1 31      367261.3      762138.8     1566808.9     1374998.5     2044128.9
  1  3  1 32      367517.8      762684.0     1567906.6     1376036.6     2045720.4
  1  3  1 33      367601.3      762938.8     1568285.2     1376836.9     2047212.1
  1  3  1 34      367637.7      763181.2     1568486.9     1377971.3     2049517.2
  1  3  1 35      367740.4      763669.9     1569006.2     1380000.7     2053554.0
  1  3  1 36      368008.7      764641.8     1570281.7     1383474.4     2060251.1
  1  3  1 37      368525.0      766308.6     1572690.2     1388932.5     2070557.6
  1  3  2  1           0.0       13536.8       43315.7       76663.4      213740.2
  1  3  2  2           0.0       27446.4       68240.5      109041.2      263581.6
  1  3  2  3           0.0       46159.7      101560.8      148334.2      320710.3
  1  3  2  4           0.0       69564.5      144202.1      194269.5      385188.7
  1  3  2  5       32517.1       97528.2      196528.1      246335.6      456867.8
  1  3  2  6       49337.6      129703.5      258258.7      303852.1      535374.3
  1  3  2  7       68110.7      165521.4      328503.5      366024.5      620109.2
  1  3  2  8       88272.2      204265.5      405894.4      431982.4      710257.9
  1  3  2  9      109355.4      245154.7      488768.8      500805.4      804813.0
  1  3  2 10      130952.0      287406.7      575350.0      571541.4      902606.6
  1  3  2 11      152698.8      330276.3      663888.2      643223.0     1002352.0
  1  3  2 12      174271.7      373074.6      752750.5      714885.6     1102691.2
  1  3  2 13      195382.6      415177.7      840467.0      785587.0     1202245.4
  1  3  2 14      215777.5      456028.6      925748.1      854429.9     1299665.4
  1  3  2 15      235235.3      495139.4     1007487.5      920583.7     1393679.2
  1  3  2 16      253568.4      532093.4     1084760.1      983306.9     1483134.7
  1  3  2 17      270623.0      566547.4     1156819.0     1041965.2     1567034.3
  1  3  2 18      286280.7      598233.8     1223092.5     1096046.7     1644561.9
  1  3  2 19      300459.0      626962.6     1283180.8     1145171.2     1715099.7
  1  3  2 20      313111.2      652620.7     1336850.9     1189095.1     1778236.9
  1  3  2 21      324225.5      675169.5     1384028.3     1227710.3     1833768.9
  1  3  2 22      333823.3      694641.4     1424786.4     1261038.6     1881689.7
  1  3  2 23      341955.8      711133.0     1459332.1     1289222.1     1922177.2
  1  3  2 24      348701.2      724798.2     1487989.2     1312510.5     1955575.3
  1  3  2 25      354160.0      735839.2     1511180.3     1331246.3     1982371.4
  1  3  2 26      358450.7      744497.4     1529406.8     1345849.1     2003173.0
  1  3  2 27      361705.6      751044.7     1543230.1     1356799.3     2018685.0
  1  3  2 28      364066.6      755774.0     1553252.9     1364623.0     2029686.3
  1  3  2 29      365680.6      758991.7     1560101.6     1369877.9     2037010.4
  1  3  2 30      366696.4      761009.6     1564410.7     1373141.1     2041527.0
  1  3  2 31      367261.3      762138.8     1566808.9     1374998.5     2044128.9
  1  3  2 32      367517.8      762684.0     1567906.6     1376036.6     2045720.4
  1  3  2 33      367601.3      762938.8     1568285.2     1376836.9     2047212.1
  1  3  2 34      367637.7      763181.2     1568486.9     1377971.3     2049517.2
  1  3  2 35      367740.4      763669.9     1569006.2     1380000.7     2053554.0
  1  3  2 36      368008.7      764641.8     1570281.7     1383474.4     2060251.1
  1  3  2 37      368525.0      766308.6     1572690.2     1388932.5     2070557.6
  2  3  1  1           0.0           0.0       36271.5       70056.8      215853.3
  2  3  1  2           0.0       17351.0       50160.7       88609.2      241871.6
  2  3  1  3           0.0       27270.3       67357.9      109954.1      271273.2
  2  3  1  4           0.0       39150.3       88311.7      134151.6      304367.1
  2  3  1  5           0.0       52997.0      113429.3      161269.0      341452.4
  2  3  1  6       20048.2       68878.8      143047.7      191375.5      382804.9
  2  3  1  7       29296.8       86853.1      177408.5      224531.3      428659.8
  2  3  1  8       39739.6      106934.1      216633.3      260771.4      479191.4
  2  3  1  9       51212.7      129083.0      260705.5      300088.4      534489.6
  2  3  1 10       63597.8      153204.8      309459.2      342414.3      594533.9
  2  3  1 11       76790.0      179148.8      362575.0      387601.2      659164.9
  2  3  1 12       90677.8      206707.0      419582.1      435403.3      728056.0
  2  3  1 13      105132.4      235613.1      479862.5      485458.9      800685.2
  2  3  1 14      120000.5      265538.5      542654.9      537274.3      876310.7
  2  3  1 15      135100.5      296088.5      607056.5      590211.3      953952.7
  2  3  1 16      150218.8      326798.9      672023.2      643479.0     1032383.4
  2  3  1 17      165108.3      357134.4      736370.8      696133.3     1110129.7
  2  3  1 18      179489.0      386490.7      798781.3      747086.0     1185490.3
  2  3  1 19      193051.0      414202.2      857818.1      795124.0     1256570.8
  2  3  1 20      205460.8      439556.1      911953.7      838942.0     1321337.0
  2  3  1 21      216371.5      461814.1      959612.1      877187.5     1377688.4
  2  3  1 22      225435.6      480240.4      999225.2      908517.6     1423548.4
  2  3  1 23      232322.0      494136.5     1029304.0      931665.7     1456969.1
  2  3  1 24      236734.0      502880.5     1048518.8      945515.5     1476244.9
  2  3  1 25      238429.4      505967.3     1055783.8      949174.8     1480026.6
  2  3  1 26      237238.4      503047.5     1050338.9      942046.2     1467427.6
  2  3  1 27      233079.8      493960.0     1031817.8      923885.1     1438112.8
  2  3  1 28      225971.6      478753.8     1000295.3      894839.8     1392359.7
  2  3  1 29      216033.9      457696.1      956303.4      855466.7     1331083.2
  2  3  1 30      203485.1      431263.7      900814.5      806718.3     1255819.7
  2  3  1 31      188631.4      400122.6      835199.6      749903.0     1168666.9
  2  3  1 32      171855.4      365101.5      761184.0      686625.1     1072182.3
  2  3  1 33      153611.8      327177.1      680836.6      618716.4      969246.0
  2  3  1 34      134437.2      287478.2      596611.9      548171.2      862899.1
  2  3  1 35      114962.4      247292.4      511384.6      477082.8      756170.3
  2  3  1 36       95892.3      208013.9      428310.3      407546.9      651907.3
  2  3  1 37       77921.3      170983.5      350401.0      341503.4      552626.8
  2  3  2  1           0.0           0.0       36271.5       70056.8      215853.3
  2  3  2  2           0.0       17351.0       50160.7       88609.2      241871.6
  2  3  2  3           0.0       27270.3       67357.9      109954.1      271273.2
  2  3  2  4           0.0       39150.3       88311.7      134151.6      304367.1
  2  3  2  5           0.0       52997.0      113429.3      161269.0      341452.4
  2  3  2  6       20048.2       68878.8      143047.7      191375.5      382804.9
  2  3  2  7       29296.8       86853.1      177408.5      224531.3      428659.8
  2  3  2  8       39739.6      106934.1      216633.3      260771.4      479191.4
  2  3  2  9       51212.7      129083.0      260705.5      300088.4      534489.6
  2  3  2 10       63597.8      153204.8      309459.2      342414.3      594533.9
  2  3  2 11       76790.0      179148.8      362575.0      387601.2      659164.9
  2  3  2 12       90677.8      206707.0      419582.1      435403.3      728056.0
  2  3  2 13      105132.4      235613.1      479862.5      485458.9      800685.2
  2  3  2 14      120000.5      265538.5      542654.9      537274.3      876310.7
  2  3  2 15      135100.5      296088.5      607056.5      590211.3      953952.7
  2  3  2 16      150218.8      326798.9      672023.2      643479.0     1032383.4
  2  3  2 17      165108.3      357134.4      736370.8      696133.3     1110129.7
  2  3  2 18      179489.0      386490.7      798781.3      747086.0     1185490.3
  2  3  2 19      193051.0      414202.2      857818.1      795124.0     1256570.8
  2  3  2 20      205460.8      439556.1      911953.7      838942.0     1321337.0
  2  3  2 21      216371.5      461814.1      959612.1      877187.5     1377688.4
  2  3  2 22      225435.6      480240.4      999225.2      908517.6     1423548.4
  2  3  2 23      232322.0      494136.5     1029304.0      931665.7     1456969.1
  2  3  2 24      236734.0      502880.5     1048518.8      945515.5     1476244.9
  2  3  2 25      238429.4      505967.3     1055783.8      949174.8     1480026.6
  2  3  2 26      237238.4      503047.5     1050338.9      942046.2     1467427.6
  2  3  2 27      233079.8      493960.0     1031817.8      923885.1     1438112.8
  2  3  2 28      225971.6      478753.8     1000295.3      894839.8     1392359.7
  2  3  2 29      216033.9      457696.1      956303.4      855466.7     1331083.2
  2  3  2 30      203485.1      431263.7      900814.5      806718.3     1255819.7
  2  3  2 31      188631.4      400122.6      835199.6      749903.0     1168666.9
  2  3  2 32      171855.4      365101.5      761184.0      686625.1     1072182.3
  2  3  2 33      153611.8      327177.1      680836.6      618716.4      969246.0
  2  3  2 34      134437.2      287478.2      596611.9      548171.2      862899.1
  2  3  2 35      114962.4      247292.4      511384.6      477082.8      756170.3
  2  3  2 36       95892.3      208013.9      428310.3      407546.9      651907.3
  2  3  2 37       77921.3      170983.5      350401.0      341503.4      552626.8
